 time            time            time            N1              time            N2              time            N3              time            N4             
 1.00000000e-07  1.00000000e-07  1.00000000e-07  1.79994998e+00  1.00000000e-07  1.79994994e+00  1.00000000e-07  1.79995190e+00  1.00000000e-07  1.79995186e+00 
 1.02822552e-07  1.02822552e-07  1.02822552e-07  1.80000589e+00  1.02822552e-07  1.80000723e+00  1.02822552e-07  1.80000681e+00  1.02822552e-07  1.80000815e+00 
 1.08467657e-07  1.08467657e-07  1.08467657e-07  1.79999959e+00  1.08467657e-07  1.80000619e+00  1.08467657e-07  1.80003205e+00  1.08467657e-07  1.80003918e+00 
 1.19757867e-07  1.19757867e-07  1.19757867e-07  1.80000068e+00  1.19757867e-07  1.80000444e+00  1.19757867e-07  1.80003069e+00  1.19757867e-07  1.80003552e+00 
 1.33967248e-07  1.33967248e-07  1.33967248e-07  1.79998235e+00  1.33967248e-07  1.79997825e+00  1.33967248e-07  1.80002224e+00  1.33967248e-07  1.80002192e+00 
 1.56443402e-07  1.56443402e-07  1.56443402e-07  1.79984935e+00  1.56443402e-07  1.79781722e+00  1.56443402e-07  1.79985865e+00  1.56443402e-07  1.79782972e+00 
 2.01395710e-07  2.01395710e-07  2.01395710e-07  1.74819142e+00  2.01395710e-07  4.05992748e-01  2.01395710e-07  1.74818817e+00  2.01395710e-07  4.07353901e-01 
 2.46859336e-07  2.46859336e-07  2.46859336e-07  3.08122601e-01  2.46859336e-07  1.38465292e-03  2.46859336e-07  3.09631124e-01  2.46859336e-07  1.37437812e-03 
 2.94340847e-07  2.94340847e-07  2.94340847e-07  9.08804973e-03  2.94340847e-07  1.30948535e-04  2.94340847e-07  9.13718274e-03  2.94340847e-07  1.34475400e-04 
 3.48738678e-07  3.48738678e-07  3.48738678e-07  6.69623176e-04  3.48738678e-07 -8.61922660e-05  3.48738678e-07  6.79879077e-04  3.48738678e-07 -8.99079872e-05 
 4.31333398e-07  4.31333398e-07  4.31333398e-07 -9.36560616e-05  4.31333398e-07  8.50191347e-05  4.31333398e-07 -1.01228202e-04  4.31333398e-07  8.89076711e-05 
 5.11366922e-07  5.11366922e-07  5.11366922e-07  9.41253131e-05  5.11366922e-07 -8.50403028e-05  5.11366922e-07  1.00072520e-04  5.11366922e-07 -8.93713538e-05 
 6.71433969e-07  6.71433969e-07  6.71433969e-07 -8.93732169e-05  6.71433969e-07  8.48280742e-05  6.71433969e-07 -9.52261269e-05  6.71433969e-07  8.92325176e-05 
 9.91568064e-07  9.91568064e-07  9.91568064e-07  8.99738241e-05  9.91568064e-07 -8.49149481e-05  9.91568064e-07  9.57656204e-05  9.91568064e-07 -8.94657307e-05 
 1.35021210e-06  1.35021210e-06  1.35021210e-06 -8.89787000e-05  1.35021210e-06  8.48177069e-05  1.35021210e-06 -9.47335320e-05  1.35021210e-06  8.93626656e-05 
 2.06750018e-06  2.06750018e-06  2.06750018e-06  8.98883172e-05  2.06750018e-06 -8.48741960e-05  2.06750018e-06  9.56180802e-05  2.06750018e-06 -8.95216449e-05 
 2.83352771e-06  2.83352771e-06  2.83352771e-06 -8.89918115e-05  2.83352771e-06  8.48152844e-05  2.83352771e-06 -9.47092325e-05  2.83352771e-06  8.94222650e-05 
 3.89149102e-06  3.89149102e-06  3.89149102e-06  8.99012239e-05  3.89149102e-06 -8.48452560e-05  3.89149102e-06  9.55883743e-05  3.89149102e-06 -8.95524259e-05 
 5.79113723e-06  5.79113723e-06  5.79113723e-06 -8.87240249e-05  5.79113723e-06  8.50872910e-05  5.79113723e-06 -9.47009917e-05  5.79113723e-06  8.94537068e-05 
 7.75910654e-06  7.75910654e-06  7.75910654e-06  9.00237369e-05  7.75910654e-06 -8.47753697e-05  7.75910654e-06  9.55765766e-05  7.75910654e-06 -8.95661674e-05 
 9.68103068e-06  9.68103068e-06  9.68103068e-06  1.79978225e+00  9.68103068e-06  1.12528696e-04  9.68103068e-06 -9.46960304e-05  9.68103068e-06  8.94758018e-05 
 1.00000000e-05  1.00000000e-05  1.00000000e-05  1.80022712e+00  1.00000000e-05  2.97242686e-03  1.00000000e-05  9.55357380e-05  1.00000000e-05 -8.96128558e-05 
 1.00210030e-05  1.00210030e-05  1.00210030e-05  1.80000524e+00  1.00210030e-05  4.57530440e-03  1.00210030e-05  2.99960891e-07  1.00210030e-05  3.85528555e-07 
 1.00630091e-05  1.00630091e-05  1.00630091e-05  1.80000741e+00  1.00630091e-05  1.05285616e-02  1.00630091e-05  1.55671809e-07  1.00630091e-05  1.07310484e-07 
 1.01470212e-05  1.01470212e-05  1.01470212e-05  1.79999732e+00  1.01470212e-05  7.91224318e-02  1.01470212e-05  2.70104553e-07  1.01470212e-05  3.05458501e-07 
 1.02569398e-05  1.02569398e-05  1.02569398e-05  1.79920351e+00  1.02569398e-05  1.78628574e+00  1.02569398e-05  1.69517792e-07  1.02569398e-05  1.42524049e-07 
 1.03477213e-05  1.03477213e-05  1.03477213e-05  1.78099250e+00  1.03477213e-05  1.80012950e+00  1.03477213e-05  2.58760830e-07  1.03477213e-05  2.77312201e-07 
 1.04312052e-05  1.04312052e-05  1.04312052e-05  1.63520827e+00  1.04312052e-05  1.79986892e+00  1.04312052e-05  1.80878277e-07  1.04312052e-05  1.69863042e-07 
 1.05182345e-05  1.05182345e-05  1.05182345e-05  7.40114964e-01  1.05182345e-05  1.80013431e+00  1.05182345e-05  2.48498879e-07  1.05182345e-05  2.53637213e-07 
 1.05806896e-05  1.05806896e-05  1.05806896e-05  3.90899711e-01  1.05806896e-05  1.79986554e+00  1.05806896e-05  1.91205698e-07  1.05806896e-05  1.92529169e-07 
 1.06500093e-05  1.06500093e-05  1.06500093e-05  1.27035544e-01  1.06500093e-05  1.80014599e+00  1.06500093e-05  2.38650801e-07  1.06500093e-05  2.32865110e-07 
 1.07315336e-05  1.07315336e-05  1.07315336e-05  4.04625672e-02  1.07315336e-05  1.79984508e+00  1.07315336e-05  1.98479933e-07  1.07315336e-05  2.07258501e-07 
 1.08163189e-05  1.08163189e-05  1.08163189e-05  1.28128580e-02  1.08163189e-05  1.80005279e+00  1.08163189e-05  2.33078428e-07  1.08163189e-05  2.21949762e-07 
 1.09352341e-05  1.09352341e-05  1.09352341e-05  1.15680167e-03  1.09352341e-05  1.52282219e+00  1.09352341e-05  2.02566517e-07  1.09352341e-05  2.15086272e-07 
 1.10615936e-05  1.10615936e-05  1.10615936e-05  1.01421344e-04  1.10615936e-05  1.62681719e-04  1.10615936e-05  2.30208425e-07  1.10615936e-05  2.16535203e-07 
 1.11556884e-05  1.11556884e-05  1.11556884e-05 -2.43817197e-05  1.11556884e-05 -1.01159666e-04  1.11556884e-05  2.05356529e-07  1.11556884e-05  2.20334954e-07 
 1.12448467e-05  1.12448467e-05  1.12448467e-05  3.12656304e-05  1.12448467e-05  1.01517569e-04  1.12448467e-05  2.27444541e-07  1.12448467e-05  2.11308284e-07 
 1.13843725e-05  1.13843725e-05  1.13843725e-05 -2.83636097e-05  1.13843725e-05 -1.02523634e-04  1.13843725e-05  2.07331311e-07  1.13843725e-05  2.24083850e-07 
 1.15730046e-05  1.15730046e-05  1.15730046e-05  2.91464416e-05  1.15730046e-05  1.02757189e-04  1.15730046e-05  2.26300242e-07  1.15730046e-05  2.09123286e-07 
 1.18649868e-05  1.18649868e-05  1.18649868e-05 -2.82163478e-05  1.18649868e-05 -1.03042932e-04  1.18649868e-05  2.08041575e-07  1.18649868e-05  2.25458230e-07 
 1.24489512e-05  1.24489512e-05  1.24489512e-05  2.90614647e-05  1.24489512e-05  1.03082223e-04  1.24489512e-05  2.25912335e-07  1.24489512e-05  2.08367221e-07 
 1.34868576e-05  1.34868576e-05  1.34868576e-05 -2.81365555e-05  1.34868576e-05 -1.03043358e-04  1.34868576e-05  2.08231883e-07  1.34868576e-05  2.25833527e-07 
 1.49135956e-05  1.49135956e-05  1.49135956e-05  2.90424669e-05  1.49135956e-05  1.03098163e-04  1.49135956e-05  2.25795629e-07  1.49135956e-05  2.08139293e-07 
 1.63926646e-05  1.63926646e-05  1.63926646e-05  1.79991647e+00  1.63926646e-05 -1.04429493e-04  1.63926646e-05  2.08328015e-07  1.63926646e-05  2.26023780e-07 
 1.65402113e-05  1.65402113e-05  1.65402113e-05  1.80000024e+00  1.65402113e-05  4.64543760e-07  1.65402113e-05  2.16930324e-07  1.65402113e-05  2.16820101e-07 
 1.68353048e-05  1.68353048e-05  1.68353048e-05  1.80000400e+00  1.68353048e-05  1.15182077e-06  1.68353048e-05  2.17138315e-07  1.68353048e-05  2.17238570e-07 
 1.72448315e-05  1.72448315e-05  1.72448315e-05  1.19683272e+00  1.72448315e-05  4.66558942e-03  1.72448315e-05  2.16950728e-07  1.72448315e-05  2.16850931e-07 
 1.77664164e-05  1.77664164e-05  1.77664164e-05  3.11642270e-05  1.77664164e-05  1.79995393e+00  1.77664164e-05  2.17128703e-07  1.77664164e-05  2.17222079e-07 
 1.80852073e-05  1.80852073e-05  1.80852073e-05 -6.27572321e-07  1.80852073e-05  1.80004688e+00  1.80852073e-05  2.16967373e-07  1.80852073e-05  2.16875733e-07 
 1.83763552e-05  1.83763552e-05  1.83763552e-05  1.48428662e-06  1.83763552e-05  1.69692126e-05  1.83763552e-05  2.17109628e-07  1.83763552e-05  2.17193385e-07 
 1.85569177e-05  1.85569177e-05  1.85569177e-05 -8.15459976e-07  1.85569177e-05 -1.45916120e-05  1.85569177e-05  2.16987233e-07  1.85569177e-05  2.16908004e-07 
 1.87522362e-05  1.87522362e-05  1.87522362e-05  1.60900896e-06  1.87522362e-05  1.59968821e-05  1.87522362e-05  2.17132539e-07  1.87522362e-05  2.17202928e-07 
 1.89910505e-05  1.89910505e-05  1.89910505e-05 -8.68099240e-07  1.89910505e-05 -1.46023884e-05  1.89910505e-05  2.16934213e-07  1.89910505e-05  2.16865719e-07 
 1.92892909e-05  1.92892909e-05  1.92892909e-05  1.69330669e-06  1.92892909e-05  1.57490214e-05  1.92892909e-05  2.17188666e-07  1.92892909e-05  2.17251094e-07 
 1.98857717e-05  1.98857717e-05  1.98857717e-05 -8.63103264e-07  1.98857717e-05 -1.43431465e-05  1.98857717e-05  2.16904485e-07  1.98857717e-05  2.16841128e-07 
 2.06763294e-05  2.06763294e-05  2.06763294e-05  1.72390623e-06  2.06763294e-05  1.56414684e-05  2.06763294e-05  2.17216149e-07  2.06763294e-05  2.17275652e-07 
 2.21248379e-05  2.21248379e-05  2.21248379e-05 -9.12952836e-07  2.21248379e-05 -1.42166046e-05  2.21248379e-05  2.16911145e-07  2.21248379e-05  2.16849295e-07 
 2.34305151e-05  2.34305151e-05  2.34305151e-05  1.79998186e+00  2.34305151e-05  1.55182467e-05  2.34305151e-05  2.17254506e-07  2.34305151e-05  2.17311666e-07 
 2.44404528e-05  2.44404528e-05  2.44404528e-05  1.80002386e+00  2.44404528e-05 -1.42926636e-05  2.44404528e-05  2.16938718e-07  2.44404528e-05  2.16876930e-07 
 2.50816076e-05  2.50816076e-05  2.50816076e-05  6.78480924e-06  2.50816076e-05  1.88597314e-03  2.50816076e-05  2.17301550e-07  2.50816076e-05  2.17354572e-07 
 2.55840929e-05  2.55840929e-05  2.55840929e-05 -6.47160459e-06  2.55840929e-05  1.79991751e+00  2.55840929e-05  2.16964544e-07  2.55840929e-05  2.16904075e-07 
 2.59926256e-05  2.59926256e-05  2.59926256e-05  7.17846778e-06  2.59926256e-05  1.80008478e+00  2.59926256e-05  2.17336344e-07  2.59926256e-05  2.17383672e-07 
 2.62602167e-05  2.62602167e-05  2.62602167e-05 -6.90934611e-06  2.62602167e-05  2.47948509e-06  2.62602167e-05  2.16992873e-07  2.62602167e-05  2.16935682e-07 
 2.64446684e-05  2.64446684e-05  2.64446684e-05  7.73906460e-06  2.64446684e-05 -2.25778108e-06  2.64446684e-05  2.17325047e-07  2.64446684e-05  2.17363856e-07 
 2.66241398e-05  2.66241398e-05  2.66241398e-05 -7.44154505e-06  2.66241398e-05  3.03913673e-06  2.66241398e-05  2.17140044e-07  2.66241398e-05  2.17089552e-07 
 2.68539434e-05  2.68539434e-05  2.68539434e-05  8.17129351e-06  2.68539434e-05 -2.64890259e-06  2.68539434e-05  2.17149762e-07  2.68539434e-05  2.17180207e-07 
 2.70710726e-05  2.70710726e-05  2.70710726e-05 -7.58268405e-06  2.70710726e-05  3.35636226e-06  2.70710726e-05  2.17405388e-07  2.70710726e-05  2.17358427e-07 
 2.75053311e-05  2.75053311e-05  2.75053311e-05  8.32025893e-06  2.75053311e-05 -2.84507757e-06  2.75053311e-05  2.16997037e-07  2.75053311e-05  2.17019809e-07 
 2.82478386e-05  2.82478386e-05  2.82478386e-05 -7.51584353e-06  2.82478386e-05  3.54340554e-06  2.82478386e-05  2.17636871e-07  2.82478386e-05  2.17582968e-07 
 2.93855316e-05  2.93855316e-05  2.93855316e-05  8.36854471e-06  2.93855316e-05 -2.68392332e-06  2.93855316e-05  2.17223928e-07  2.93855316e-05  2.17220805e-07 
 3.12407218e-05  3.12407218e-05  3.12407218e-05 -7.56014109e-06  3.12407218e-05  3.53883565e-06  3.12407218e-05  2.18733875e-07  3.12407218e-05  2.18596960e-07 
 3.28856506e-05  3.28856506e-05  3.28856506e-05  1.80000111e+00  3.28856506e-05 -2.72940715e-06  3.28856506e-05  2.19729905e-07  3.28856506e-05  2.19602481e-07 
 3.41889690e-05  3.41889690e-05  3.41889690e-05  1.79906498e+00  3.41889690e-05  1.79966092e+00  3.41889690e-05  2.21765478e-07  3.41889690e-05  2.21589161e-07 
 3.49791076e-05  3.49791076e-05  3.49791076e-05  1.16366625e-05  3.49791076e-05  1.80000887e+00  3.49791076e-05  2.21866547e-07  3.49791076e-05  2.21743360e-07 
 3.56402836e-05  3.56402836e-05  3.56402836e-05 -1.12919721e-05  3.56402836e-05  1.76330349e+00  3.56402836e-05  2.23334677e-07  3.56402836e-05  2.23171633e-07 
 3.61857239e-05  3.61857239e-05  3.61857239e-05  1.19953735e-05  3.61857239e-05  1.73503491e-05  3.61857239e-05  2.22919170e-07  3.61857239e-05  2.22808516e-07 
 3.65252489e-05  3.65252489e-05  3.65252489e-05 -1.16933748e-05  3.65252489e-05 -1.70246637e-05  3.65252489e-05  2.24317375e-07  3.65252489e-05  2.24165687e-07 
 3.68380601e-05  3.68380601e-05  3.68380601e-05  1.24490207e-05  3.68380601e-05  1.76025030e-05  3.68380601e-05  2.23303052e-07  3.68380601e-05  2.23198359e-07 
 3.71510184e-05  3.71510184e-05  3.71510184e-05 -1.19030927e-05  3.71510184e-05 -1.71678298e-05  3.71510184e-05  2.25054801e-07  3.71510184e-05  2.24911031e-07 
 3.75046071e-05  3.75046071e-05  3.75046071e-05  1.26383454e-05  3.75046071e-05  1.77448133e-05  3.75046071e-05  2.23698353e-07  3.75046071e-05  2.23598831e-07 
 3.80897093e-05  3.80897093e-05  3.80897093e-05 -1.18655764e-05  3.80897093e-05 -1.70878825e-05  3.80897093e-05  2.25948043e-07  3.80897093e-05  2.25812588e-07 
 3.91706364e-05  3.91706364e-05  3.91706364e-05  1.27052141e-05  3.91706364e-05  1.78617981e-05  3.91706364e-05  2.24952114e-07  3.91706364e-05  2.24861248e-07 
 4.13324908e-05  4.13324908e-05  4.13324908e-05 -1.18842473e-05  4.13324908e-05 -1.70608398e-05  4.13324908e-05  2.28462839e-07  4.13324908e-05  2.28333925e-07 
 4.31483057e-05  4.31483057e-05  4.31483057e-05  1.80001264e+00  4.31483057e-05  1.80401678e-05  4.31483057e-05  2.27926801e-07  4.31483057e-05  2.27836539e-07 
 4.45915773e-05  4.45915773e-05  4.45915773e-05  1.79365074e+00  4.45915773e-05  1.79994087e+00  4.45915773e-05  2.30916084e-07  4.45915773e-05  2.30790044e-07 
 4.55023146e-05  4.55023146e-05  4.55023146e-05  1.48485343e-05  4.55023146e-05  1.73962529e+00  4.55023146e-05  2.29582700e-07  4.55023146e-05  2.29497020e-07 
 4.61322263e-05  4.61322263e-05  4.61322263e-05 -1.45446998e-05  4.61322263e-05 -1.44674168e-05  4.61322263e-05  2.32050504e-07  4.61322263e-05  2.31929414e-07 
 4.65737001e-05  4.65737001e-05  4.65737001e-05  1.52975512e-05  4.65737001e-05  1.48297744e-05  4.65737001e-05  2.30216042e-07  4.65737001e-05  2.30133481e-07 
 4.69822631e-05  4.69822631e-05  4.69822631e-05 -1.50025921e-05  4.69822631e-05 -1.41787642e-05  4.69822631e-05  2.32702745e-07  4.69822631e-05  2.32585434e-07 
 4.74861287e-05  4.74861287e-05  4.74861287e-05  1.56881495e-05  4.74861287e-05  1.46302451e-05  4.74861287e-05  2.30700654e-07  4.74861287e-05  2.30620751e-07 
 4.79723860e-05  4.79723860e-05  4.79723860e-05 -1.50565975e-05  4.79723860e-05 -1.39759242e-05  4.79723860e-05  2.33382062e-07  4.79723860e-05  2.33268849e-07 
 4.87541628e-05  4.87541628e-05  4.87541628e-05  1.58202384e-05  4.87541628e-05  1.46892559e-05  4.87541628e-05  2.31362321e-07  4.87541628e-05  2.31285934e-07 
 5.02715854e-05  5.02715854e-05  5.02715854e-05 -1.49968460e-05  5.02715854e-05 -1.38611253e-05  5.02715854e-05  2.34591891e-07  5.02715854e-05  2.34481600e-07 
 5.28543417e-05  5.28543417e-05  5.28543417e-05  2.20089475e-05  5.28543417e-05  1.46720890e-05  5.28543417e-05  2.32896824e-07  5.28543417e-05  2.32780740e-07 
 5.28922953e-05  5.28922953e-05  5.28922953e-05  6.09672128e-06  5.28922953e-05  3.67104229e-07  5.28922953e-05  2.34225052e-07  5.28922953e-05  2.34089037e-07 
 5.29682024e-05  5.29682024e-05  5.29682024e-05  2.31490078e-05  5.29682024e-05  3.16826546e-07  5.29682024e-05  2.34040533e-07  5.29682024e-05  2.33900173e-07 
 5.31200166e-05  5.31200166e-05  5.31200166e-05  3.88057994e-03  5.31200166e-05  3.79105743e-07  5.31200166e-05  2.34257249e-07  5.31200166e-05  2.34111288e-07 
 5.33113966e-05  5.33113966e-05  5.33113966e-05  1.79987182e+00  5.33113966e-05  3.22663795e-07  5.33113966e-05  2.34082740e-07  5.33113966e-05  2.33927515e-07 
 5.34480852e-05  5.34480852e-05  5.34480852e-05  1.80012766e+00  5.34480852e-05  3.76416579e-07  5.34480852e-05  2.34349789e-07  5.34480852e-05  2.34185660e-07 
 5.35928560e-05  5.35928560e-05  5.35928560e-05  2.87679338e-05  5.35928560e-05  3.37626977e-07  5.35928560e-05  2.34003221e-07  5.35928560e-05  2.33832347e-07 
 5.36701928e-05  5.36701928e-05  5.36701928e-05 -1.04949163e-05  5.36701928e-05  3.84857735e-07  5.36701928e-05  2.34471835e-07  5.36701928e-05  2.34291048e-07 
 5.37592907e-05  5.37592907e-05  5.37592907e-05  1.16979567e-05  5.37592907e-05  3.59156292e-07  5.37592907e-05  2.34041214e-07  5.37592907e-05  2.33862308e-07 
 5.38586795e-05  5.38586795e-05  5.38586795e-05 -1.09542885e-05  5.38586795e-05  4.02195990e-07  5.38586795e-05  2.34473588e-07  5.38586795e-05  2.34280114e-07 
 5.40574571e-05  5.40574571e-05  5.40574571e-05  1.18885138e-05  5.40574571e-05  5.04044979e-07  5.40574571e-05  2.33973579e-07  5.40574571e-05  2.33773222e-07 
 5.44279064e-05  5.44279064e-05  5.44279064e-05 -1.09629202e-05  5.44279064e-05  7.22290556e-05  5.44279064e-05  2.34591592e-07  5.44279064e-05  2.34349513e-07 
 5.44789592e-05  5.44789592e-05  5.44789592e-05  3.31658922e-07  5.44789592e-05  2.06827143e-04  5.44789592e-05  2.34159682e-07  5.44789592e-05  2.33916745e-07 
 5.45810648e-05  5.45810648e-05  5.45810648e-05  3.79022079e-07  5.45810648e-05  1.90170087e-03  5.45810648e-05  2.34417112e-07  5.45810648e-05  2.34162795e-07 
 5.47852760e-05  5.47852760e-05  5.47852760e-05  3.65765290e-07  5.47852760e-05  1.02508885e+00  5.47852760e-05  2.34102316e-07  5.47852760e-05  2.33825207e-07 
 5.49809872e-05  5.49809872e-05  5.49809872e-05  3.87016558e-07  5.49809872e-05  1.80000397e+00  5.49809872e-05  2.34427262e-07  5.49809872e-05  2.34126275e-07 
 5.51314504e-05  5.51314504e-05  5.51314504e-05  3.94306941e-07  5.51314504e-05  1.79999526e+00  5.51314504e-05  2.34090520e-07  5.51314504e-05  2.33765713e-07 
 5.52911206e-05  5.52911206e-05  5.52911206e-05  3.80654398e-07  5.52911206e-05  1.13925556e-04  5.52911206e-05  2.34395590e-07  5.52911206e-05  2.34045827e-07 
 5.53708922e-05  5.53708922e-05  5.53708922e-05  4.21126930e-07  5.53708922e-05 -6.03177027e-05  5.53708922e-05  2.34039201e-07  5.53708922e-05  2.33668398e-07 
 5.54642620e-05  5.54642620e-05  5.54642620e-05  3.62466610e-07  5.54642620e-05  6.27892078e-05  5.54642620e-05  2.34477468e-07  5.54642620e-05  2.34103868e-07 
 5.55660947e-05  5.55660947e-05  5.55660947e-05  4.41672724e-07  5.55660947e-05 -6.08346977e-05  5.55660947e-05  2.34026827e-07  5.55660947e-05  2.33624514e-07 
 5.57697602e-05  5.57697602e-05  5.57697602e-05  3.56666350e-07  5.57697602e-05  6.27684347e-05  5.57697602e-05  2.34305533e-07  5.57697602e-05  2.33875126e-07 
 5.61351420e-05  5.61351420e-05  5.61351420e-05  4.52101594e-07  5.61351420e-05 -6.08505815e-05  5.61351420e-05  2.34086221e-07  5.61351420e-05  2.33564602e-07 
 5.67992806e-05  5.67992806e-05  5.67992806e-05  3.51557164e-07  5.67992806e-05  6.26985032e-05  5.67992806e-05  2.34048742e-07  5.67992806e-05  2.33351845e-07 
 5.79791021e-05  5.79791021e-05  5.79791021e-05  4.27232507e-07  5.79791021e-05 -6.07732453e-05  5.79791021e-05  2.33775997e-07  5.79791021e-05  2.32588393e-07 
 5.91158577e-05  5.91158577e-05  5.91158577e-05  1.04417759e-05  5.91158577e-05  6.26158814e-05  5.91158577e-05  2.33499778e-07  5.91158577e-05  2.31655881e-07 
 6.04237441e-05  6.04237441e-05  6.04237441e-05  1.79997988e+00  6.04237441e-05 -6.08299583e-05  6.04237441e-05  2.33334943e-07  6.04237441e-05  2.30515440e-07 
 6.13462923e-05  6.13462923e-05  6.13462923e-05  1.80001812e+00  6.13462923e-05  6.35884375e-05  6.13462923e-05  2.33084221e-07  6.13462923e-05  2.29540912e-07 
 6.19155044e-05  6.19155044e-05  6.19155044e-05  7.39190141e-06  6.19155044e-05 -6.46481104e-05  6.19155044e-05  2.33219526e-07  6.19155044e-05  2.29218732e-07 
 6.23781019e-05  6.23781019e-05  6.23781019e-05 -6.96746494e-06  6.23781019e-05  1.80008758e+00  6.23781019e-05  2.32832392e-07  6.23781019e-05  2.28495930e-07 
 6.28182168e-05  6.28182168e-05  6.28182168e-05  7.63097238e-06  6.28182168e-05  1.79990959e+00  6.28182168e-05  2.33255466e-07  6.28182168e-05  2.28593756e-07 
 6.31508953e-05  6.31508953e-05  6.31508953e-05 -7.19291561e-06  6.31508953e-05  1.80009550e+00  6.31508953e-05  2.32554691e-07  6.31508953e-05  2.27709757e-07 
 6.34140541e-05  6.34140541e-05  6.34140541e-05  7.85627890e-06  6.34140541e-05  1.86054262e-05  6.34140541e-05  2.33518143e-07  6.34140541e-05  2.28478420e-07 
 6.35734593e-05  6.35734593e-05  6.35734593e-05 -7.49561452e-06  6.35734593e-05  4.66089858e-06  6.35734593e-05  2.31934836e-07  6.35734593e-05  2.26813341e-07 
 6.37402259e-05  6.37402259e-05  6.37402259e-05  8.20956939e-06  6.37402259e-05 -4.41761550e-06  6.37402259e-05  2.34290085e-07  6.37402259e-05  2.29053342e-07 
 6.39399927e-05  6.39399927e-05  6.39399927e-05 -7.75501246e-06  6.39399927e-05  5.02003819e-06  6.39399927e-05  2.31096626e-07  6.39399927e-05  2.25757256e-07 
 6.41497717e-05  6.41497717e-05  6.41497717e-05  8.42049840e-06  6.41497717e-05 -4.68972669e-06  6.41497717e-05  2.34951233e-07  6.41497717e-05  2.29482944e-07 
 6.45693297e-05  6.45693297e-05  6.45693297e-05 -7.76460517e-06  6.45693297e-05  5.26729194e-06  6.45693297e-05  2.30510950e-07  6.45693297e-05  2.24832476e-07 
 6.52876268e-05  6.52876268e-05  6.52876268e-05  8.49509027e-06  6.52876268e-05 -4.74827808e-06  6.52876268e-05  2.35070866e-07  6.52876268e-05  2.29052940e-07 
 6.61626844e-05  6.61626844e-05  6.61626844e-05 -7.68059102e-06  6.61626844e-05  5.46121278e-06  6.61626844e-05  2.30153039e-07  6.61626844e-05  2.23805842e-07 
 6.77900344e-05  6.77900344e-05  6.77900344e-05  8.50633505e-06  6.77900344e-05 -4.81529999e-06  6.77900344e-05  2.34880853e-07  6.77900344e-05  2.28012445e-07 
 6.93612857e-05  6.93612857e-05  6.93612857e-05 -7.72311013e-06  6.93612857e-05  5.50831785e-06  6.93612857e-05  2.29675557e-07  6.93612857e-05  2.22439865e-07 
 6.97540985e-05  6.97540985e-05  6.97540985e-05  4.75768105e-07  6.97540985e-05  3.19291763e-07  6.97540985e-05  2.32179332e-07  6.97540985e-05  2.24859329e-07 
 7.05397242e-05  7.05397242e-05  7.05397242e-05  1.79996497e+00  7.05397242e-05  3.84467202e-07  7.05397242e-05  2.32026001e-07  7.05397242e-05  2.24520852e-07 
 7.10411922e-05  7.10411922e-05  7.10411922e-05  1.80003676e+00  7.10411922e-05  5.42348242e-07  7.10411922e-05  2.32033541e-07  7.10411922e-05  2.24466690e-07 
 7.14467598e-05  7.14467598e-05  7.14467598e-05  1.02367957e-05  7.14467598e-05  1.04551479e-04  7.14467598e-05  2.31937211e-07  7.14467598e-05  2.24268097e-07 
 7.17297447e-05  7.17297447e-05  7.17297447e-05 -9.77698291e-06  7.17297447e-05  8.11811130e-02  7.17297447e-05  2.31956852e-07  7.17297447e-05  2.24239387e-07 
 7.20107281e-05  7.20107281e-05  7.20107281e-05  1.06701465e-05  7.20107281e-05  1.79992329e+00  7.20107281e-05  2.31835684e-07  7.20107281e-05  2.23998488e-07 
 7.22287666e-05  7.22287666e-05  7.22287666e-05 -1.01507450e-05  7.22287666e-05  1.80007673e+00  7.22287666e-05  2.31939515e-07  7.22287666e-05  2.24204777e-07 
 7.24210788e-05  7.24210788e-05  7.24210788e-05  1.09960204e-05  7.24210788e-05  2.95936680e-05  7.24210788e-05  2.31882986e-07  7.24210788e-05  2.24069262e-07 
 7.25280279e-05  7.25280279e-05  7.25280279e-05 -1.05288463e-05  7.25280279e-05 -1.74457797e-05  7.25280279e-05  2.31803096e-07  7.25280279e-05  2.23944850e-07 
 7.26520654e-05  7.26520654e-05  7.26520654e-05  1.13602231e-05  7.26520654e-05  1.91092993e-05  7.26520654e-05  2.32021605e-07  7.26520654e-05  2.24144115e-07 
 7.27847233e-05  7.27847233e-05  7.27847233e-05 -1.07665270e-05  7.27847233e-05 -1.81459176e-05  7.27847233e-05  2.31632992e-07  7.27847233e-05  2.23717302e-07 
 7.30250516e-05  7.30250516e-05  7.30250516e-05  1.14823251e-05  7.30250516e-05  1.94014577e-05  7.30250516e-05  2.32015882e-07  7.30250516e-05  2.24044420e-07 
 7.34275675e-05  7.34275675e-05  7.34275675e-05 -1.07164756e-05  7.34275675e-05 -1.81916160e-05  7.34275675e-05  2.31591358e-07  7.34275675e-05  2.23538140e-07 
 7.40600595e-05  7.40600595e-05  7.40600595e-05  1.14982630e-05  7.40600595e-05  1.93529723e-05  7.40600595e-05  2.31894842e-07  7.40600595e-05  2.23698026e-07 
 7.49894391e-05  7.49894391e-05  7.49894391e-05 -1.06281855e-05  7.49894391e-05 -1.80470691e-05  7.49894391e-05  2.31535891e-07  7.49894391e-05  2.23144739e-07 
 7.68481982e-05  7.68481982e-05  7.68481982e-05  1.14939400e-05  7.68481982e-05  1.92876858e-05  7.68481982e-05  2.31875911e-07  7.68481982e-05  2.22945276e-07 
 7.85726744e-05  7.85726744e-05  7.85726744e-05 -1.07645619e-05  7.85726744e-05 -1.80674319e-05  7.85726744e-05  2.31886922e-07  7.85726744e-05  2.22274910e-07 
 7.86272987e-05  7.86272987e-05  7.86272987e-05  3.79342000e-07  7.86272987e-05  1.72581692e-07  7.86272987e-05  2.31952611e-07  7.86272987e-05  2.22275781e-07 
 7.87365472e-05  7.87365472e-05  7.87365472e-05  1.62355942e-06  7.87365472e-05  4.82013372e-07  7.87365472e-05  2.32216598e-07  7.87365472e-05  2.22547834e-07 
 7.89550443e-05  7.89550443e-05  7.89550443e-05  7.24889950e-04  7.89550443e-05  1.85616412e-07  7.89550443e-05  2.31938967e-07  7.89550443e-05  2.22098855e-07 
 7.92184868e-05  7.92184868e-05  7.92184868e-05  1.79990535e+00  7.92184868e-05  4.96846102e-07  7.92184868e-05  2.32399252e-07  7.92184868e-05  2.22427445e-07 
 7.94065952e-05  7.94065952e-05  7.94065952e-05  1.80009455e+00  7.94065952e-05  2.26076901e-07  7.94065952e-05  2.32052951e-07  7.94065952e-05  2.22036729e-07 
 7.96039670e-05  7.96039670e-05  7.96039670e-05  1.29716349e-05  7.96039670e-05  5.28081414e-07  7.96039670e-05  2.32655222e-07  7.96039670e-05  2.22461613e-07 
 7.97051216e-05  7.97051216e-05  7.97051216e-05 -9.84571453e-06  7.97051216e-05  3.47363166e-07  7.97051216e-05  2.32200271e-07  7.97051216e-05  2.21871206e-07 
 7.98224695e-05  7.98224695e-05  7.98224695e-05  1.09715329e-05  7.98224695e-05  6.46849621e-07  7.98224695e-05  2.32807700e-07  7.98224695e-05  2.22525064e-07 
 7.99501742e-05  7.99501742e-05  7.99501742e-05 -1.00696557e-05  7.99501742e-05  1.95887646e-06  7.99501742e-05  2.32118676e-07  7.99501742e-05  2.21648023e-07 
 8.01908742e-05  8.01908742e-05  8.01908742e-05  1.09971588e-05  8.01908742e-05  1.01778933e-04  8.01908742e-05  2.33118716e-07  8.01908742e-05  2.22518035e-07 
 8.05146710e-05  8.05146710e-05  8.05146710e-05 -9.99387604e-06  8.05146710e-05  1.79656551e+00  8.05146710e-05  2.32356091e-07  8.05146710e-05  2.21487553e-07 
 8.07736303e-05  8.07736303e-05  8.07736303e-05  1.08359774e-05  8.07736303e-05  1.80005833e+00  8.07736303e-05  2.33453727e-07  8.07736303e-05  2.22272635e-07 
 8.09874494e-05  8.09874494e-05  8.09874494e-05 -9.74149354e-06  8.09874494e-05  1.79994076e+00  8.09874494e-05  2.32701570e-07  8.09874494e-05  2.21596500e-07 
 8.11777528e-05  8.11777528e-05  8.11777528e-05  1.05238221e-05  8.11777528e-05  2.31365564e-04  8.11777528e-05  2.33837487e-07  8.11777528e-05  2.22285037e-07 
 8.12894149e-05  8.12894149e-05  8.12894149e-05 -9.35683328e-06  8.12894149e-05 -7.33545318e-05  8.12894149e-05  2.33122242e-07  8.12894149e-05  2.21612710e-07 
 8.14166590e-05  8.14166590e-05  8.14166590e-05  1.00658205e-05  8.14166590e-05  7.79786129e-05  8.14166590e-05  2.33874265e-07  8.14166590e-05  2.21931362e-07 
 8.15522718e-05  8.15522718e-05  8.15522718e-05 -9.03691305e-06  8.15522718e-05 -7.43147868e-05  8.15522718e-05  2.33455889e-07  8.15522718e-05  2.21941440e-07 
 8.18027982e-05  8.18027982e-05  8.18027982e-05  9.82912916e-06  8.18027982e-05  7.75783092e-05  8.18027982e-05  2.34027630e-07  8.18027982e-05  2.21377956e-07 
 8.21376919e-05  8.21376919e-05  8.21376919e-05 -8.89926762e-06  8.21376919e-05 -7.44285798e-05  8.21376919e-05  2.34219959e-07  8.21376919e-05  2.22149156e-07 
 8.27396725e-05  8.27396725e-05  8.27396725e-05  9.74701780e-06  8.27396725e-05  7.73452995e-05  8.27396725e-05  2.34971479e-07  8.27396725e-05  2.20886633e-07 
 8.35431878e-05  8.35431878e-05  8.35431878e-05 -8.84297292e-06  8.35431878e-05 -7.42399052e-05  8.35431878e-05  2.36392710e-07  8.35431878e-05  2.22047511e-07 
 8.49947499e-05  8.49947499e-05  8.49947499e-05  9.70326859e-06  8.49947499e-05  7.71807346e-05  8.49947499e-05  2.39736667e-07  8.49947499e-05  2.20316043e-07 
 8.61606307e-05  8.61606307e-05  8.61606307e-05  1.79995376e+00  8.61606307e-05 -7.42467023e-05  8.61606307e-05  2.44541445e-07  8.61606307e-05  2.21644246e-07 
 8.70527280e-05  8.70527280e-05  8.70527280e-05  1.80006262e+00  8.70527280e-05  7.70766541e-05  8.70527280e-05  2.49339132e-07  8.70527280e-05  2.19836391e-07 
 8.75284592e-05  8.75284592e-05  8.75284592e-05 -1.09170309e-06  8.75284592e-05 -7.42075846e-05  8.75284592e-05  2.53150770e-07  8.75284592e-05  2.21682797e-07 
 8.77837526e-05  8.77837526e-05  8.77837526e-05  1.44368324e-06  8.77837526e-05  7.68272608e-05  8.77837526e-05  2.55759467e-07  8.77837526e-05  2.19214161e-07 
 8.81103168e-05  8.81103168e-05  8.81103168e-05 -9.78750262e-07  8.81103168e-05 -7.41333643e-05  8.81103168e-05  2.57212490e-07  8.81103168e-05  2.22178773e-07 
 8.84083585e-05  8.84083585e-05  8.84083585e-05  1.45367535e-06  8.84083585e-05  7.75502755e-05  8.84083585e-05  2.63096385e-07  8.84083585e-05  2.18493146e-07 
 8.87241439e-05  8.87241439e-05  8.87241439e-05 -1.01207697e-06  8.87241439e-05 -7.46838961e-05  8.87241439e-05  2.63203414e-07  8.87241439e-05  2.22751289e-07 
 8.93557147e-05  8.93557147e-05  8.93557147e-05  1.48201706e-06  8.93557147e-05  2.64468019e-03  8.93557147e-05  2.77156021e-07  8.93557147e-05  2.17816533e-07 
 8.99677232e-05  8.99677232e-05  8.99677232e-05 -1.01906938e-06  8.99677232e-05  1.79979161e+00  8.99677232e-05  2.84320417e-07  8.99677232e-05  2.22860720e-07 
 9.04457217e-05  9.04457217e-05  9.04457217e-05  1.56306841e-06  9.04457217e-05  1.80022326e+00  9.04457217e-05  3.03253483e-07  9.04457217e-05  2.17299086e-07 
 9.07200871e-05  9.07200871e-05  9.07200871e-05 -9.83207958e-07  9.07200871e-05 -5.61525126e-05  9.07200871e-05  3.05697301e-07  9.07200871e-05  2.23578665e-07 
 9.08931977e-05  9.08931977e-05  9.08931977e-05  1.63436012e-06  9.08931977e-05  5.48252175e-05  9.08931977e-05  3.26156672e-07  9.08931977e-05  2.15956848e-07 
 9.10828510e-05  9.10828510e-05  9.10828510e-05 -1.01133046e-06  9.10828510e-05 -5.56721471e-05  9.10828510e-05  3.13540662e-07  9.10828510e-05  2.25053006e-07 
 9.13259439e-05  9.13259439e-05  9.13259439e-05  1.69010818e-06  9.13259439e-05  5.48036915e-05  9.13259439e-05  3.52016269e-07  9.13259439e-05  2.14456302e-07 
 9.15523944e-05  9.15523944e-05  9.15523944e-05 -1.02315078e-06  9.15523944e-05 -5.54246349e-05  9.15523944e-05  3.39285876e-07  9.15523944e-05  2.26283082e-07 
 9.20052953e-05  9.20052953e-05  9.20052953e-05  1.73540576e-06  9.20052953e-05  5.47145242e-05  9.20052953e-05  4.10770499e-07  9.20052953e-05  2.13284922e-07 
 9.27868371e-05  9.27868371e-05  9.27868371e-05 -1.00586782e-06  9.27868371e-05 -5.53164054e-05  9.27868371e-05  6.44086141e-07  9.27868371e-05  2.26648973e-07 
 9.29071804e-05  9.29071804e-05  9.29071804e-05  3.80603879e-07  9.29071804e-05  2.98583650e-07  9.29071804e-05  7.82933471e-07  9.29071804e-05  2.19469087e-07 
 9.31478670e-05  9.31478670e-05  9.31478670e-05  3.71544156e-07  9.31478670e-05  2.77273202e-07  9.31478670e-05  1.32723464e-06  9.31478670e-05  2.20083771e-07 
 9.36292403e-05  9.36292403e-05  9.36292403e-05  3.82993050e-07  9.36292403e-05  3.39311885e-07  9.36292403e-05  1.05889650e-05  9.36292403e-05  2.19377711e-07 
 9.41190270e-05  9.41190270e-05  9.41190270e-05  3.70988950e-07  9.41190270e-05  3.28331858e-07  9.41190270e-05  1.79994646e+00  9.41190270e-05  2.19899148e-07 
 9.44854688e-05  9.44854688e-05  9.44854688e-05  3.77053595e-07  9.44854688e-05  3.64629031e-07  9.44854688e-05  1.80005409e+00  9.44854688e-05  2.19329909e-07 
 9.48034717e-05  9.48034717e-05  9.48034717e-05  3.64100449e-07  9.48034717e-05  3.54257571e-07  9.48034717e-05  9.14122790e-06  9.48034717e-05  2.19853967e-07 
 9.49971801e-05  9.49971801e-05  9.49971801e-05  3.69762705e-07  9.49971801e-05  3.66390751e-07  9.49971801e-05 -8.36308247e-06  9.49971801e-05  2.19278852e-07 
 9.52163325e-05  9.52163325e-05  9.52163325e-05  3.59162193e-07  9.52163325e-05  3.70789623e-07  9.52163325e-05  8.99518605e-06  9.52163325e-05  2.19734057e-07 
 9.54542790e-05  9.54542790e-05  9.54542790e-05  3.63327732e-07  9.54542790e-05  3.62508082e-07  9.54542790e-05 -8.29459059e-06  9.54542790e-05  2.19228462e-07 
 9.59301720e-05  9.59301720e-05  9.59301720e-05  3.57664496e-07  9.59301720e-05  3.78962491e-07  9.59301720e-05  8.90317594e-06  9.59301720e-05  2.19638177e-07 
 9.65831152e-05  9.65831152e-05  9.65831152e-05  7.40352140e-07  9.65831152e-05  3.56590437e-07  9.65831152e-05 -8.26116907e-06  9.65831152e-05  2.19078647e-07 
 9.73314827e-05  9.73314827e-05  9.73314827e-05  1.79996346e+00  9.73314827e-05  3.70597746e-07  9.73314827e-05  8.86429106e-06  9.73314827e-05  2.19439856e-07 
 9.78708791e-05  9.78708791e-05  9.78708791e-05  1.80003873e+00  9.78708791e-05  3.37614732e-07  9.78708791e-05 -8.22647135e-06  9.78708791e-05  2.18966508e-07 
 9.82610849e-05  9.82610849e-05  9.82610849e-05  1.04749021e-05  9.82610849e-05  3.59409893e-07  9.82610849e-05  8.80079802e-06  9.82610849e-05  2.19385671e-07 
 9.85450973e-05  9.85450973e-05  9.85450973e-05 -1.00331146e-05  9.85450973e-05  3.21583781e-07  9.85450973e-05 -8.15329886e-06  9.85450973e-05  2.18874809e-07 
 9.85805308e-05  9.85805308e-05  9.85805308e-05  1.03533046e-06  9.85805308e-05  3.43921084e-07  9.85805308e-05  1.58205668e-07  9.85805308e-05  2.19098045e-07 
 9.86513977e-05  9.86513977e-05  9.86513977e-05 -5.19221733e-07  9.86513977e-05  3.33996129e-07  9.86513977e-05  2.71718323e-07  9.86513977e-05  2.19091317e-07 
 9.87931316e-05  9.87931316e-05  9.87931316e-05  9.84181832e-07  9.87931316e-05  3.39574726e-07  9.87931316e-05  1.69642833e-07  9.87931316e-05  2.19068359e-07 
 9.90675301e-05  9.90675301e-05  9.90675301e-05 -5.14960942e-07  9.90675301e-05  3.30155543e-07  9.90675301e-05  2.66658088e-07  9.90675301e-05  2.19057798e-07 
 9.96163272e-05  9.96163272e-05  9.96163272e-05  9.80097653e-07  9.96163272e-05  3.43030784e-07  9.96163272e-05  1.73344858e-07  9.96163272e-05  2.18971661e-07 
 1.00569629e-04  1.00569629e-04  1.00569629e-04 -4.37626649e-07  1.00569629e-04  7.59929575e-06  1.00569629e-04  2.66326963e-07  1.00569629e-04  2.18899280e-07 
 1.01609007e-04  1.01609007e-04  1.01609007e-04  1.09352589e-06  1.01609007e-04  1.79997420e+00  1.01609007e-04  1.77160190e-07  1.01609007e-04  2.18734191e-07 
 1.02361839e-04  1.02361839e-04  1.02361839e-04 -3.86314423e-07  1.02361839e-04  1.79998932e+00  1.02361839e-04  2.65803408e-07  1.02361839e-04  2.18792267e-07 
 1.02841971e-04  1.02841971e-04  1.02841971e-04  1.12034422e-06  1.02841971e-04  7.40550717e-06  1.02841971e-04  1.82290821e-07  1.02841971e-04  2.18713976e-07 
 1.03208593e-04  1.03208593e-04  1.03208593e-04 -3.87071594e-07  1.03208593e-04 -7.10655176e-06  1.03208593e-04  2.60942736e-07  1.03208593e-04  2.18690639e-07 
 1.03576055e-04  1.03576055e-04  1.03576055e-04  1.13230248e-06  1.03576055e-04  7.82995581e-06  1.03576055e-04  1.89342039e-07  1.03576055e-04  2.18582038e-07 
 1.04076966e-04  1.04076966e-04  1.04076966e-04 -3.94952072e-07  1.04076966e-04 -7.40230772e-06  1.04076966e-04  2.56228824e-07  1.04076966e-04  2.18576969e-07 
 1.04588806e-04  1.04588806e-04  1.04588806e-04  1.13313328e-06  1.04588806e-04  8.02747735e-06  1.04588806e-04  1.94790740e-07  1.04588806e-04  2.18499299e-07 
 1.05612485e-04  1.05612485e-04  1.05612485e-04 -4.14496481e-07  1.05612485e-04 -7.45544662e-06  1.05612485e-04  2.54069495e-07  1.05612485e-04  2.18444404e-07 
 1.06662054e-04  1.06662054e-04  1.06662054e-04  1.68530084e-06  1.06662054e-04  8.15133649e-06  1.06662054e-04  1.98693974e-07  1.06662054e-04  2.18340395e-07 
 1.07853474e-04  1.07853474e-04  1.07853474e-04  1.79997526e+00  1.07853474e-04 -7.37501298e-06  1.07853474e-04  2.53635101e-07  1.07853474e-04  2.18257372e-07 
 1.08696589e-04  1.08696589e-04  1.08696589e-04  1.80003372e+00  1.08696589e-04  8.14318947e-06  1.08696589e-04  2.02637479e-07  1.08696589e-04  2.18225124e-07 
 1.09237813e-04  1.09237813e-04  1.09237813e-04  6.74149578e-06  1.09237813e-04 -7.33864555e-06  1.09237813e-04  2.51105907e-07  1.09237813e-04  2.18179782e-07 
 1.09668495e-04  1.09668495e-04  1.09668495e-04 -6.35483540e-06  1.09668495e-04  8.07992266e-06  1.09668495e-04  2.08186202e-07  1.09668495e-04  2.18160920e-07 
 1.10076162e-04  1.10076162e-04  1.10076162e-04  7.04309828e-06  1.10076162e-04 -7.28780716e-06  1.10076162e-04  2.46386616e-07  1.10076162e-04  2.18089944e-07 
 1.10626529e-04  1.10626529e-04  1.10626529e-04 -6.58027749e-06  1.10626529e-04  8.01328685e-06  1.10626529e-04  2.13533242e-07  1.10626529e-04  2.18120229e-07 
 1.11210219e-04  1.11210219e-04  1.11210219e-04  7.18777425e-06  1.11210219e-04 -7.26544923e-06  1.11210219e-04  2.43496735e-07  1.11210219e-04  2.18001057e-07 
 1.12326052e-04  1.12326052e-04  1.12326052e-04 -6.58429629e-06  1.12326052e-04  8.02052391e-06  1.12326052e-04  2.17464370e-07  1.12326052e-04  2.18023536e-07 
 1.13624140e-04  1.13624140e-04  1.13624140e-04  7.29877344e-06  1.13624140e-04  1.36303478e-04  1.13624140e-04  2.43475596e-07  1.13624140e-04  2.17858000e-07 
 1.15114423e-04  1.15114423e-04  1.15114423e-04 -6.50360928e-06  1.15114423e-04  1.80000012e+00  1.15114423e-04  2.20726488e-07  1.15114423e-04  2.17868357e-07 
 1.16046175e-04  1.16046175e-04  1.16046175e-04  7.28187605e-06  1.16046175e-04  7.19797456e-02  1.16046175e-04  2.43147196e-07  1.16046175e-04  2.17783232e-07 
 1.16496710e-04  1.16496710e-04  1.16496710e-04 -6.45267125e-06  1.16496710e-04 -5.61306560e-06  1.16496710e-04  2.24698805e-07  1.16496710e-04  2.17888590e-07 
 1.16952759e-04  1.16952759e-04  1.16952759e-04  7.19835539e-06  1.16952759e-04  6.06031387e-06  1.16952759e-04  2.39329478e-07  1.16952759e-04  2.17723639e-07 
 1.17440656e-04  1.17440656e-04  1.17440656e-04 -6.39914390e-06  1.17440656e-04 -5.62236611e-06  1.17440656e-04  2.29080095e-07  1.17440656e-04  2.17792074e-07 
 1.17941905e-04  1.17941905e-04  1.17941905e-04  7.15102703e-06  1.17941905e-04  6.06621807e-06  1.17941905e-04  2.36070658e-07  1.17941905e-04  2.17636720e-07 
 1.18797252e-04  1.18797252e-04  1.18797252e-04 -4.36375236e-06  1.18797252e-04 -5.54568551e-06  1.18797252e-04  2.32371517e-07  1.18797252e-04  2.17746767e-07 
 1.19735467e-04  1.19735467e-04  1.19735467e-04  1.79998673e+00  1.19735467e-04  6.15929481e-06  1.19735467e-04  2.34648205e-07  1.19735467e-04  2.17540721e-07 
 1.20445034e-04  1.20445034e-04  1.20445034e-04  1.80001707e+00  1.20445034e-04 -5.51537898e-06  1.20445034e-04  2.34827226e-07  1.20445034e-04  2.17729839e-07 
 1.20922250e-04  1.20922250e-04  1.20922250e-04  1.50717413e-05  1.20922250e-04  6.20558282e-06  1.20922250e-04  2.31882188e-07  1.20922250e-04  2.17532054e-07 
 1.21305029e-04  1.21305029e-04  1.21305029e-04 -1.49260041e-05  1.21305029e-04 -5.54221829e-06  1.21305029e-04  2.38738897e-07  1.21305029e-04  2.17696898e-07 
 1.21709688e-04  1.21709688e-04  1.21709688e-04  1.64623400e-05  1.21709688e-04  6.24348453e-06  1.21709688e-04  2.27901909e-07  1.21709688e-04  2.17456945e-07 
 1.22153444e-04  1.22153444e-04  1.22153444e-04 -1.57604457e-05  1.22153444e-04 -5.57585113e-06  1.22153444e-04  2.42314131e-07  1.22153444e-04  2.17686804e-07 
 1.22694937e-04  1.22694937e-04  1.22694937e-04  1.66987463e-05  1.22694937e-04  6.26806487e-06  1.22694937e-04  2.24825346e-07  1.22694937e-04  2.17400022e-07 
 1.23533115e-04  1.23533115e-04  1.23533115e-04 -1.58405449e-05  1.23533115e-04 -5.60505482e-06  1.23533115e-04  2.44331593e-07  1.23533115e-04  2.17647272e-07 
 1.25209471e-04  1.25209471e-04  1.25209471e-04  1.67988114e-05  1.25209471e-04  6.26271789e-06  1.25209471e-04  2.23102504e-07  1.25209471e-04  2.17317440e-07 
 1.27302545e-04  1.27302545e-04  1.27302545e-04 -1.57377321e-05  1.27302545e-04  1.79897924e+00  1.27302545e-04  2.44312234e-07  1.27302545e-04  2.17544411e-07 
 1.28651057e-04  1.28651057e-04  1.28651057e-04  1.67626821e-05  1.28651057e-04  1.80002345e+00  1.28651057e-04  2.21636861e-07  1.28651057e-04  2.17230126e-07 
 1.30041087e-04  1.30041087e-04  1.30041087e-04 -1.57581925e-05  1.30041087e-04 -2.57736779e-06  1.30041087e-04  2.44965567e-07  1.30041087e-04  2.17550283e-07 
 1.31033743e-04  1.31033743e-04  1.31033743e-04  1.80000885e+00  1.31033743e-04  3.00511158e-06  1.31033743e-04  2.20185281e-07  1.31033743e-04  2.17185404e-07 
 1.31854519e-04  1.31854519e-04  1.31854519e-04  1.79999042e+00  1.31854519e-04 -2.55091089e-06  1.31854519e-04  2.46237929e-07  1.31854519e-04  2.17494577e-07 
 1.32392264e-04  1.32392264e-04  1.32392264e-04  2.27375236e-05  1.32392264e-04  3.00859663e-06  1.32392264e-04  2.18015995e-07  1.32392264e-04  2.17195157e-07 
 1.32785281e-04  1.32785281e-04  1.32785281e-04 -2.24347561e-05  1.32785281e-04 -2.52832738e-06  1.32785281e-04  2.48954353e-07  1.32785281e-04  2.17481455e-07 
 1.33210818e-04  1.33210818e-04  1.33210818e-04  2.44162783e-05  1.33210818e-04  3.11757858e-06  1.33210818e-04  2.14871388e-07  1.33210818e-04  2.17129348e-07 
 1.33675231e-04  1.33675231e-04  1.33675231e-04 -2.34180188e-05  1.33675231e-04 -2.57857001e-06  1.33675231e-04  2.51551837e-07  1.33675231e-04  2.17496057e-07 
 1.34159125e-04  1.34159125e-04  1.34159125e-04  2.46605427e-05  1.34159125e-04  3.23145442e-06  1.34159125e-04  2.12295957e-07  1.34159125e-04  2.17082240e-07 
 1.34952966e-04  1.34952966e-04  1.34952966e-04 -2.35498013e-05  1.34952966e-04 -2.61946347e-06  1.34952966e-04  2.53283439e-07  1.34952966e-04  2.17490116e-07 
 1.36479486e-04  1.36479486e-04  1.36479486e-04  2.47403361e-05  1.36479486e-04  3.29367210e-06  1.36479486e-04  2.10940261e-07  1.36479486e-04  2.17028052e-07 
 1.38645522e-04  1.38645522e-04  1.38645522e-04 -2.34343313e-05  1.38645522e-04 -2.65187068e-06  1.38645522e-04  2.53455021e-07  1.38645522e-04  2.17441205e-07 
 1.39187031e-04  1.39187031e-04  1.39187031e-04  3.28492648e-07  1.39187031e-04  3.34712945e-07  1.39187031e-04  2.31621490e-07  1.39187031e-04  2.17209649e-07 
 1.40270049e-04  1.40270049e-04  1.40270049e-04  3.37033512e-07  1.40270049e-04  3.07539780e-07  1.40270049e-04  2.32047874e-07  1.40270049e-04  2.17205744e-07 
 1.42436085e-04  1.42436085e-04  1.42436085e-04  3.84405802e-07  1.42436085e-04  9.15698824e-03  1.42436085e-04  2.31423910e-07  1.42436085e-04  2.17180574e-07 
 1.44522260e-04  1.44522260e-04  1.44522260e-04  1.79998667e+00  1.44522260e-04  1.79998867e+00  1.44522260e-04  2.32053323e-07  1.44522260e-04  2.17163425e-07 
 1.46101857e-04  1.46101857e-04  1.46101857e-04  1.68175381e+00  1.46101857e-04  1.18855437e-05  1.46101857e-04  2.31927778e-07  1.46101857e-04  2.17230781e-07 
 1.46889355e-04  1.46889355e-04  1.46889355e-04  3.09227509e-06  1.46889355e-04 -1.11776135e-05  1.46889355e-04  2.32749521e-07  1.46889355e-04  2.17237921e-07 
 1.47573957e-04  1.47573957e-04  1.47573957e-04 -2.73282189e-06  1.47573957e-04  1.18250288e-05  1.47573957e-04  2.32589239e-07  1.47573957e-04  2.17142216e-07 
 1.48232560e-04  1.48232560e-04  1.48232560e-04  3.27295945e-06  1.48232560e-04 -1.12045727e-05  1.48232560e-04  2.33546078e-07  1.48232560e-04  2.17180764e-07 
 1.49017521e-04  1.49017521e-04  1.49017521e-04 -2.87588938e-06  1.49017521e-04  1.18341642e-05  1.49017521e-04  2.33778924e-07  1.49017521e-04  2.17144607e-07 
 1.49956189e-04  1.49956189e-04  1.49956189e-04  3.37554510e-06  1.49956189e-04 -1.11448663e-05  1.49956189e-04  2.35438949e-07  1.49956189e-04  2.17155571e-07 
 1.51348153e-04  1.51348153e-04  1.51348153e-04 -2.90583678e-06  1.51348153e-04  1.18882040e-05  1.51348153e-04  2.37638887e-07  1.51348153e-04  2.17137758e-07 
 1.53555794e-04  1.53555794e-04  1.53555794e-04  3.51341513e-06  1.53555794e-04 -1.10633541e-05  1.53555794e-04  2.46282709e-07  1.53555794e-04  2.17135151e-07 
 1.56511267e-04  1.56511267e-04  1.56511267e-04 -2.84483626e-06  1.56511267e-04  1.18681867e-05  1.56511267e-04  2.75442517e-07  1.56511267e-04  2.17107243e-07 
 1.59103024e-04  1.59103024e-04  1.59103024e-04  3.60871614e-06  1.59103024e-04 -1.11883937e-05  1.59103024e-04  3.88025706e-07  1.59103024e-04  2.17117649e-07 
 1.59182805e-04  1.59182805e-04  1.59182805e-04  3.87671157e-07  1.59182805e-04  3.29816216e-07  1.59182805e-04  3.94350843e-07  1.59182805e-04  2.17117710e-07 
 1.59342367e-04  1.59342367e-04  1.59342367e-04  4.39101490e-07  1.59342367e-04  6.60142704e-07  1.59342367e-04  4.12497481e-07  1.59342367e-04  2.17107528e-07 
 1.59661492e-04  1.59661492e-04  1.59661492e-04  2.49118457e-05  1.59661492e-04  4.50495542e-06  1.59661492e-04  4.74113258e-07  1.59661492e-04  2.17107829e-07 
 1.59991515e-04  1.59991515e-04  1.59991515e-04  1.79992127e+00  1.59991515e-04  2.06869614e-04  1.59991515e-04  5.94719094e-07  1.59991515e-04  2.17026964e-07 
 1.60234827e-04  1.60234827e-04  1.60234827e-04  1.80007891e+00  1.60234827e-04  8.29305411e-03  1.60234827e-04  8.50505645e-07  1.60234827e-04  2.17167289e-07 
 1.60262631e-04  1.60262631e-04  1.60262631e-04  1.80000130e+00  1.60262631e-04  1.30145196e-02  1.60262631e-04  9.13897304e-07  1.60262631e-04  2.17105270e-07 
 1.60318239e-04  1.60318239e-04  1.60318239e-04  1.80001261e+00  1.60318239e-04  3.22400718e-02  1.60318239e-04  1.02143244e-06  1.60318239e-04  2.17311499e-07 
 1.60429455e-04  1.60429455e-04  1.60429455e-04  1.79984790e+00  1.60429455e-04  1.03147752e+00  1.60429455e-04  1.38114867e-06  1.60429455e-04  2.16906326e-07 
 1.60542734e-04  1.60542734e-04  1.60542734e-04  1.77194842e+00  1.60542734e-04  1.80000280e+00  1.60542734e-04  1.90421432e-06  1.60542734e-04  2.17045301e-07 
 1.60636944e-04  1.60636944e-04  1.60636944e-04  1.02544745e+00  1.60636944e-04  1.79999582e+00  1.60636944e-04  2.59883072e-06  1.60636944e-04  2.17022256e-07 
 1.60734582e-04  1.60734582e-04  1.60734582e-04  1.06227315e-01  1.60734582e-04  1.80002592e+00  1.60734582e-04  4.09100734e-06  1.60734582e-04  2.17301946e-07 
 1.60798906e-04  1.60798906e-04  1.60798906e-04  3.88297519e-02  1.60798906e-04  1.79994901e+00  1.60798906e-04  5.37046621e-06  1.60798906e-04  2.17515843e-07 
 1.60871028e-04  1.60871028e-04  1.60871028e-04  1.49048028e-02  1.60871028e-04  1.77686962e+00  1.60871028e-04  7.68638815e-06  1.60871028e-04  2.16528509e-07 
 1.60952460e-04  1.60952460e-04  1.60952460e-04  3.48294702e-03  1.60952460e-04  2.30594398e-01  1.60952460e-04  1.17688015e-05  1.60952460e-04  2.18100626e-07 
 1.61009244e-04  1.61009244e-04  1.61009244e-04  1.03802806e-03  1.61009244e-04  1.15204447e-03  1.61009244e-04  1.65737400e-05  1.61009244e-04  2.16049458e-07 
 1.61062005e-04  1.61062005e-04  1.61062005e-04  2.96148549e-04  1.61062005e-04  9.25440724e-05  1.61062005e-04  2.33532121e-05  1.61062005e-04  2.18319349e-07 
 1.61139603e-04  1.61139603e-04  1.61139603e-04  4.32899949e-05  1.61139603e-04 -4.51962497e-05  1.61139603e-04  4.07275074e-05  1.61139603e-04  2.16180446e-07 
 1.61253158e-04  1.61253158e-04  1.61253158e-04  5.07592137e-06  1.61253158e-04  4.60902385e-05  1.61253158e-04  1.11541179e-04  1.61253158e-04  2.18097514e-07 
 1.61414988e-04  1.61414988e-04  1.61414988e-04 -8.34831241e-07  1.61414988e-04 -4.63152597e-05  1.61414988e-04  1.10372908e-03  1.61414988e-04  2.16392721e-07 
 1.61640041e-04  1.61640041e-04  1.61640041e-04  1.41337546e-06  1.61640041e-04  4.69053042e-05  1.61640041e-04  1.79988950e+00  1.61640041e-04  2.17773822e-07 
 1.61799857e-04  1.61799857e-04  1.61799857e-04 -7.83832661e-07  1.61799857e-04 -4.69286683e-05  1.61799857e-04  1.80010994e+00  1.61799857e-04  2.16676932e-07 
 1.61969149e-04  1.61969149e-04  1.61969149e-04  1.23014269e-06  1.61969149e-04  4.75407072e-05  1.61969149e-04  1.58380180e-05  1.61969149e-04  2.17616597e-07 
 1.62062542e-04  1.62062542e-04  1.62062542e-04 -6.07101408e-07  1.62062542e-04 -4.75830467e-05  1.62062542e-04 -9.05907862e-06  1.62062542e-04  2.17153021e-07 
 1.62171886e-04  1.62171886e-04  1.62171886e-04  1.05546876e-06  1.62171886e-04  4.83087388e-05  1.62171886e-04  9.45476599e-06  1.62171886e-04  2.17059319e-07 
 1.62295067e-04  1.62295067e-04  1.62295067e-04 -4.71031582e-07  1.62295067e-04 -4.81175638e-05  1.62295067e-04 -8.40489637e-06  1.62295067e-04  2.17373895e-07 
 1.62541429e-04  1.62541429e-04  1.62541429e-04  9.93898443e-07  1.62541429e-04  4.86799734e-05  1.62541429e-04  8.93152179e-06  1.62541429e-04  2.16850619e-07 
 1.63019376e-04  1.63019376e-04  1.63019376e-04 -4.21711048e-07  1.63019376e-04 -4.82472718e-05  1.63019376e-04 -8.22239642e-06  1.63019376e-04  2.17455079e-07 
 1.63787086e-04  1.63787086e-04  1.63787086e-04  1.01391313e-06  1.63787086e-04  4.87589931e-05  1.63787086e-04  8.81869926e-06  1.63787086e-04  2.16779122e-07 
 1.65322505e-04  1.65322505e-04  1.65322505e-04 -3.79954608e-07  1.65322505e-04 -4.82650523e-05  1.65322505e-04 -8.16338538e-06  1.65322505e-04  2.17460339e-07 
 1.68232578e-04  1.68232578e-04  1.68232578e-04  1.03909486e-06  1.68232578e-04  4.87668663e-05  1.68232578e-04  8.78788052e-06  1.68232578e-04  2.16733081e-07 
 1.70619487e-04  1.70619487e-04  1.70619487e-04 -2.93370885e-07  1.70619487e-04 -4.91245273e-05  1.70619487e-04 -8.13514931e-06  1.70619487e-04  2.17472093e-07 
 1.70959905e-04  1.70959905e-04  1.70959905e-04  7.45351979e-06  1.70959905e-04  6.95322297e-07  1.70959905e-04  2.08464461e-07  1.70959905e-04  2.17082971e-07 
 1.71640741e-04  1.71640741e-04  1.71640741e-04  1.79996120e+00  1.71640741e-04  3.12345938e-04  1.71640741e-04  2.51437606e-07  1.71640741e-04  2.17073671e-07 
 1.72101679e-04  1.72101679e-04  1.72101679e-04  1.80004018e+00  1.72101679e-04  1.79994416e+00  1.72101679e-04  2.10318266e-07  1.72101679e-04  2.17017147e-07 
 1.72473622e-04  1.72473622e-04  1.72473622e-04  1.10178327e-05  1.72473622e-04  1.80005682e+00  1.72473622e-04  2.50630595e-07  1.72473622e-04  2.17293748e-07 
 1.72731679e-04  1.72731679e-04  1.72731679e-04 -1.05145817e-05  1.72731679e-04  1.67063164e-05  1.72731679e-04  2.12533243e-07  1.72731679e-04  2.17251883e-07 
 1.72904662e-04  1.72904662e-04  1.72904662e-04  1.16956918e-05  1.72904662e-04 -1.58025580e-05  1.72904662e-04  2.48450534e-07  1.72904662e-04  2.17234080e-07 
 1.73096096e-04  1.73096096e-04  1.73096096e-04 -1.12335365e-05  1.73096096e-04  1.79800074e-05  1.73096096e-04  2.15404086e-07  1.73096096e-04  2.17130086e-07 
 1.73304613e-04  1.73304613e-04  1.73304613e-04  1.22102880e-05  1.73304613e-04 -1.70502832e-05  1.73304613e-04  2.46464046e-07  1.73304613e-04  2.17190443e-07 
 1.73588006e-04  1.73588006e-04  1.73588006e-04 -1.16603819e-05  1.73588006e-04  1.84103319e-05  1.73588006e-04  2.17475705e-07  1.73588006e-04  2.17101395e-07 
 1.73980218e-04  1.73980218e-04  1.73980218e-04  1.24577773e-05  1.73980218e-04 -1.73921848e-05  1.73980218e-04  2.45662467e-07  1.73980218e-04  2.17126406e-07 
 1.74637956e-04  1.74637956e-04  1.74637956e-04 -1.17538789e-05  1.74637956e-04  1.84895715e-05  1.74637956e-04  2.18888018e-07  1.74637956e-04  2.17102173e-07 
 1.75633938e-04  1.75633938e-04  1.75633938e-04  1.25015769e-05  1.75633938e-04 -1.73535525e-05  1.75633938e-04  2.46103915e-07  1.75633938e-04  2.17110549e-07 
 1.77625901e-04  1.77625901e-04  1.77625901e-04 -1.16689030e-05  1.77625901e-04  1.84918947e-05  1.77625901e-04  2.20563017e-07  1.77625901e-04  2.17102086e-07 
 1.80251075e-04  1.80251075e-04  1.80251075e-04  1.25128236e-05  1.80251075e-04 -1.72698594e-05  1.80251075e-04  2.47360911e-07  1.80251075e-04  2.17096106e-07 
 1.83373026e-04  1.83373026e-04  1.83373026e-04 -1.16966242e-05  1.83373026e-04  1.84495405e-05  1.83373026e-04  2.21007305e-07  1.83373026e-04  2.17093403e-07 
 1.86209268e-04  1.86209268e-04  1.86209268e-04  1.80001769e+00  1.86209268e-04 -1.76033192e-05  1.86209268e-04  2.46350514e-07  1.86209268e-04  2.17092725e-07 
 1.88449728e-04  1.88449728e-04  1.88449728e-04  4.63044838e-03  1.88449728e-04  1.80002922e+00  1.88449728e-04  2.20205597e-07  1.88449728e-04  2.17107156e-07 
 1.89938655e-04  1.89938655e-04  1.89938655e-04  4.45919986e-06  1.89938655e-04 -5.24886011e-06  1.89938655e-04  2.45662245e-07  1.89938655e-04  2.17162143e-07 
 1.91142605e-04  1.91142605e-04  1.91142605e-04 -3.99314999e-06  1.91142605e-04  5.76893861e-06  1.91142605e-04  2.20172407e-07  1.91142605e-04  2.17145900e-07 
 1.92406563e-04  1.92406563e-04  1.92406563e-04  4.50033490e-06  1.92406563e-04 -5.24307518e-06  1.92406563e-04  2.45078170e-07  1.92406563e-04  2.17069584e-07 
 1.93675857e-04  1.93675857e-04  1.93675857e-04 -4.00509406e-06  1.93675857e-04  5.83758433e-06  1.93675857e-04  2.20139047e-07  1.93675857e-04  2.17139030e-07 
 1.95180330e-04  1.95180330e-04  1.95180330e-04  4.58112473e-06  1.95180330e-04 -5.20339718e-06  1.95180330e-04  2.44489833e-07  1.95180330e-04  2.17071113e-07 
 1.97095012e-04  1.97095012e-04  1.97095012e-04 -3.94765738e-06  1.97095012e-04  5.84774980e-06  1.97095012e-04  2.19920928e-07  1.97095012e-04  2.17132951e-07 
 1.99860471e-04  1.99860471e-04  1.99860471e-04  4.59895048e-06  1.99860471e-04 -5.20552016e-06  1.99860471e-04  2.43835928e-07  1.99860471e-04  2.17060796e-07 
 2.02643705e-04  2.02643705e-04  2.02643705e-04 -3.94069889e-06  2.02643705e-04  5.85936553e-06  2.02643705e-04  2.19692287e-07  2.02643705e-04  2.17131308e-07 
 2.05350018e-04  2.05350018e-04  2.05350018e-04  1.79999944e+00  2.05350018e-04  1.79997630e+00  2.05350018e-04  2.44082132e-07  2.05350018e-04  2.17045296e-07 
 2.07193137e-04  2.07193137e-04  2.07193137e-04  8.35036916e-01  2.07193137e-04  1.62207296e-05  2.07193137e-04  2.21191872e-07  2.07193137e-04  2.17201143e-07 
 2.08471633e-04  2.08471633e-04  2.08471633e-04  3.50935662e-07  2.08471633e-04 -1.52305847e-05  2.08471633e-04  2.45948055e-07  2.08471633e-04  2.17122378e-07 
 2.09734211e-04  2.09734211e-04  2.09734211e-04  9.08895625e-08  2.09734211e-04  1.61037071e-05  2.09734211e-04  2.24312140e-07  2.09734211e-04  2.17112020e-07 
 2.10942610e-04  2.10942610e-04  2.10942610e-04  3.73143928e-07  2.10942610e-04 -1.51822760e-05  2.10942610e-04  2.50094584e-07  2.10942610e-04  2.17102128e-07 
 2.12488106e-04  2.12488106e-04  2.12488106e-04  1.18888034e-07  2.12488106e-04  1.60934783e-05  2.12488106e-04  2.32686011e-07  2.12488106e-04  2.17112362e-07 
 2.14353739e-04  2.14353739e-04  2.14353739e-04  4.37057869e-07  2.14353739e-04 -1.51103035e-05  2.14353739e-04  2.68160583e-07  2.14353739e-04  2.17099446e-07 
 2.16936510e-04  2.16936510e-04  2.16936510e-04  1.57613887e-07  2.16936510e-04  1.60544902e-05  2.16936510e-04  2.90767258e-07  2.16936510e-04  2.17104390e-07 
 2.17305705e-04  2.17305705e-04  2.17305705e-04  2.99667265e-07  2.17305705e-04  3.18226458e-07  2.17305705e-04  3.15045195e-07  2.17305705e-04  2.17097987e-07 
 2.18044097e-04  2.18044097e-04  2.18044097e-04  3.05515554e-07  2.18044097e-04  2.56420868e-07  2.18044097e-04  3.53606978e-07  2.18044097e-04  2.17098772e-07 
 2.19520879e-04  2.19520879e-04  2.19520879e-04  2.99485209e-07  2.19520879e-04  3.17800491e-07  2.19520879e-04  1.20719441e-06  2.19520879e-04  2.17097773e-07 
 2.21157807e-04  2.21157807e-04  2.21157807e-04  3.05818046e-07  2.21157807e-04  2.56239958e-07  2.21157807e-04  1.79998358e+00  2.21157807e-04  2.17083068e-07 
 2.22367973e-04  2.22367973e-04  2.22367973e-04  3.18672066e-07  2.22367973e-04  3.39794330e-07  2.22367973e-04  1.79957968e+00  2.22367973e-04  2.17124126e-07 
 2.23105689e-04  2.23105689e-04  2.23105689e-04  6.68104069e-07  2.23105689e-04  3.71023420e-07  2.23105689e-04  4.58191854e-06  2.23105689e-04  2.17123726e-07 
 2.23744261e-04  2.23744261e-04  2.23744261e-04  1.79995731e+00  2.23744261e-04  3.84509883e-06  2.23744261e-04 -4.14571616e-06  2.23744261e-04  2.17061752e-07 
 2.24248592e-04  2.24248592e-04  2.24248592e-04  1.80004418e+00  2.24248592e-04  1.71036906e-04  2.24248592e-04  4.61446321e-06  2.24248592e-04  2.17153603e-07 
 2.24606926e-04  2.24606926e-04  2.24606926e-04  1.02496812e-05  2.24606926e-04  6.17290756e-03  2.24606926e-04 -4.19118821e-06  2.24606926e-04  2.17171357e-07 
 2.24855646e-04  2.24855646e-04  2.24855646e-04 -1.00385913e-05  2.24855646e-04  1.79849362e+00  2.24855646e-04  4.67384335e-06  2.24855646e-04  2.17100468e-07 
 2.25114765e-04  2.25114765e-04  2.25114765e-04  1.11620251e-05  2.25114765e-04  1.80007769e+00  2.25114765e-04 -4.25660311e-06  2.25114765e-04  2.16932868e-07 
 2.25318729e-04  2.25318729e-04  2.25318729e-04 -1.08809158e-05  2.25318729e-04  1.79992131e+00  2.25318729e-04  4.73807696e-06  2.25318729e-04  2.17302268e-07 
 2.25528181e-04  2.25528181e-04  2.25528181e-04  1.19314696e-05  2.25528181e-04  2.00995606e-04  2.25528181e-04 -4.32228727e-06  2.25528181e-04  2.17298999e-07 
 2.25643200e-04  2.25643200e-04  2.25643200e-04 -1.18278506e-05  2.25643200e-04 -7.73704910e-05  2.25643200e-04  4.81486921e-06  2.25643200e-04  2.17166396e-07 
 2.25773718e-04  2.25773718e-04  2.25773718e-04  1.29426736e-05  2.25773718e-04  8.21504253e-05  2.25773718e-04 -4.40537117e-06  2.25773718e-04  2.17387486e-07 
 2.25918897e-04  2.25918897e-04  2.25918897e-04 -1.27047185e-05  2.25918897e-04 -7.82926849e-05  2.25918897e-04  4.87456307e-06  2.25918897e-04  2.16888801e-07 
 2.26175705e-04  2.26175705e-04  2.26175705e-04  1.35142260e-05  2.26175705e-04  8.17185008e-05  2.26175705e-04 -4.44561521e-06  2.26175705e-04  2.17438489e-07 
 2.26472545e-04  2.26472545e-04  2.26472545e-04 -1.30833955e-05  2.26472545e-04 -7.85670688e-05  2.26472545e-04  4.89769647e-06  2.26472545e-04  2.16833681e-07 
 2.26972945e-04  2.26972945e-04  2.26972945e-04  1.37655493e-05  2.26972945e-04  8.14989617e-05  2.26972945e-04 -4.46222250e-06  2.26972945e-04  2.17373966e-07 
 2.27782249e-04  2.27782249e-04  2.27782249e-04 -1.31893046e-05  2.27782249e-04 -7.85345272e-05  2.27782249e-04  4.90683526e-06  2.27782249e-04  2.16857675e-07 
 2.29300447e-04  2.29300447e-04  2.29300447e-04  1.38300286e-05  2.29300447e-04  8.13878468e-05  2.29300447e-04 -4.46759702e-06  2.29300447e-04  2.17350459e-07 
 2.31821574e-04  2.31821574e-04  2.31821574e-04 -1.31372026e-05  2.31821574e-04 -7.84729892e-05  2.31821574e-04  4.90972446e-06  2.31821574e-04  2.16871017e-07 
 2.36341709e-04  2.36341709e-04  2.36341709e-04  1.38511717e-05  2.36341709e-04  8.13373697e-05  2.36341709e-04 -4.46894012e-06  2.36341709e-04  2.17330014e-07 
 2.40633135e-04  2.40633135e-04  2.40633135e-04 -1.33113718e-05  2.40633135e-04 -7.88586117e-05  2.40633135e-04  4.91371229e-06  2.40633135e-04  2.16875804e-07 
 2.40770203e-04  2.40770203e-04  2.40770203e-04  1.23469693e-06  2.40770203e-04  2.19900922e-07  2.40770203e-04  2.21565501e-07  2.40770203e-04  2.17066551e-07 
 2.41044340e-04  2.41044340e-04  2.41044340e-04  6.21932395e-05  2.41044340e-04  4.03211026e-07  2.41044340e-04  2.20843394e-07  2.41044340e-04  2.17151240e-07 
 2.41357318e-04  2.41357318e-04  2.41357318e-04  1.79991759e+00  2.41357318e-04  2.70246875e-07  2.41357318e-04  2.21900829e-07  2.41357318e-04  2.16948710e-07 
 2.41583922e-04  2.41583922e-04  2.41583922e-04  1.80008251e+00  2.41583922e-04  4.69257000e-07  2.41583922e-04  2.21737009e-07  2.41583922e-04  2.17248917e-07 
 2.41794195e-04  2.41794195e-04  2.41794195e-04  1.42585589e-05  2.41794195e-04  4.19896290e-07  2.41794195e-04  2.21932404e-07  2.41794195e-04  2.17074459e-07 
 2.41914841e-04  2.41914841e-04  2.41914841e-04 -1.28175001e-05  2.41914841e-04  6.35322210e-07  2.41914841e-04  2.22632485e-07  2.41914841e-04  2.17352626e-07 
 2.42051615e-04  2.42051615e-04  2.42051615e-04  1.43305517e-05  2.42051615e-04  8.32281978e-07  2.42051615e-04  2.21668612e-07  2.42051615e-04  2.16919713e-07 
 2.42201543e-04  2.42201543e-04  2.42201543e-04 -1.36437715e-05  2.42201543e-04  1.96164914e-06  2.42201543e-04  2.23271705e-07  2.42201543e-04  2.17286208e-07 
 2.42487237e-04  2.42487237e-04  2.42487237e-04  1.47087307e-05  2.42487237e-04  1.09444975e-05  2.42487237e-04  2.21866713e-07  2.42487237e-04  2.16967443e-07 
 2.42820031e-04  2.42820031e-04  2.42820031e-04 -1.38493353e-05  2.42820031e-04  8.91911815e-05  2.42820031e-04  2.24030575e-07  2.42820031e-04  2.17248153e-07 
 2.43416918e-04  2.43416918e-04  2.43416918e-04  1.47347020e-05  2.43416918e-04  1.20154769e-02  2.43416918e-04  2.22619516e-07  2.43416918e-04  2.16981403e-07 
 2.43513871e-04  2.43513871e-04  2.43513871e-04  3.13127994e-07  2.43513871e-04  3.49070638e-02  2.43513871e-04  2.23743023e-07  2.43513871e-04  2.17104436e-07 
 2.43707777e-04  2.43707777e-04  2.43707777e-04  2.03782491e-07  2.43707777e-04  1.79823005e+00  2.43707777e-04  2.23839177e-07  2.43707777e-04  2.17077082e-07 
 2.43845143e-04  2.43845143e-04  2.43845143e-04  2.95736646e-07  2.43845143e-04  1.80008594e+00  2.43845143e-04  2.24065224e-07  2.43845143e-04  2.16833521e-07 
 2.43964191e-04  2.43964191e-04  2.43964191e-04  2.31061976e-07  2.43964191e-04  1.79991290e+00  2.43964191e-04  2.24018569e-07  2.43964191e-04  2.17248360e-07 
 2.44090984e-04  2.44090984e-04  2.44090984e-04  2.75462576e-07  2.44090984e-04  1.29416522e-03  2.44090984e-04  2.24310047e-07  2.44090984e-04  2.17359964e-07 
 2.44158148e-04  2.44158148e-04  2.44158148e-04  2.60182657e-07  2.44158148e-04 -1.04228373e-04  2.44158148e-04  2.24032517e-07  2.44158148e-04  2.17078513e-07 
 2.44236750e-04  2.44236750e-04  2.44236750e-04  2.48677949e-07  2.44236750e-04  1.06649112e-04  2.44236750e-04  2.24587667e-07  2.44236750e-04  2.17561966e-07 
 2.44324657e-04  2.44324657e-04  2.44324657e-04  2.82181108e-07  2.44324657e-04 -1.05426419e-04  2.44324657e-04  2.24400651e-07  2.44324657e-04  2.16989057e-07 
 2.44480914e-04  2.44480914e-04  2.44480914e-04  2.37747096e-07  2.44480914e-04  1.07274880e-04  2.44480914e-04  2.24320081e-07  2.44480914e-04  2.17201655e-07 
 2.44785289e-04  2.44785289e-04  2.44785289e-04  2.93137216e-07  2.44785289e-04 -1.05819111e-04  2.44785289e-04  2.25140094e-07  2.44785289e-04  2.17236776e-07 
 2.45243533e-04  2.45243533e-04  2.45243533e-04  2.40977709e-07  2.45243533e-04  1.07356757e-04  2.45243533e-04  2.24703710e-07  2.45243533e-04  2.16947014e-07 
 2.46160023e-04  2.46160023e-04  2.46160023e-04  3.06282064e-07  2.46160023e-04 -1.05864935e-04  2.46160023e-04  2.26367320e-07  2.46160023e-04  2.17315849e-07 
 2.47480879e-04  2.47480879e-04  2.47480879e-04  2.53711645e-07  2.47480879e-04  1.07355436e-04  2.47480879e-04  2.26330089e-07  2.47480879e-04  2.16870317e-07 
 2.49933045e-04  2.49933045e-04  2.49933045e-04  3.17934120e-07  2.49933045e-04 -1.05848500e-04  2.49933045e-04  2.29267004e-07  2.49933045e-04  2.17360403e-07 
 2.54837376e-04  2.54837376e-04  2.54837376e-04  2.60616930e-07  2.54837376e-04  1.07338247e-04  2.54837376e-04  2.31609844e-07  2.54837376e-04  2.16835638e-07 
 2.59115602e-04  2.59115602e-04  2.59115602e-04  1.79999338e+00  2.59115602e-04 -1.06281998e-04  2.59115602e-04  2.34570204e-07  2.59115602e-04  2.17376504e-07 
 2.63131837e-04  2.63131837e-04  2.63131837e-04  5.85145775e-06  2.63131837e-04  5.87120486e-04  2.63131837e-04  2.33641702e-07  2.63131837e-04  2.16832533e-07 
 2.65188143e-04  2.65188143e-04  2.65188143e-04 -5.05876576e-06  2.65188143e-04  1.79974312e+00  2.65188143e-04  2.34287727e-07  2.65188143e-04  2.17408143e-07 
 2.66752736e-04  2.66752736e-04  2.66752736e-04  5.55778223e-06  2.66752736e-04  1.35680681e-04  2.66752736e-04  2.32838200e-07  2.66752736e-04  2.16819335e-07 
 2.67668173e-04  2.67668173e-04  2.67668173e-04 -5.07238523e-06  2.67668173e-04 -1.19573862e-04  2.67668173e-04  2.33898974e-07  2.67668173e-04  2.17553702e-07 
 2.68506445e-04  2.68506445e-04  2.68506445e-04  5.56677404e-06  2.68506445e-04  1.24026691e-04  2.68506445e-04  2.32450358e-07  2.68506445e-04  2.16634545e-07 
 2.69371903e-04  2.69371903e-04  2.69371903e-04 -5.07887429e-06  2.69371903e-04 -1.21204288e-04  2.69371903e-04  2.33793680e-07  2.69371903e-04  2.17629627e-07 
 2.70225088e-04  2.70225088e-04  2.70225088e-04  5.56965200e-06  2.70225088e-04  1.25304890e-04  2.70225088e-04  2.32129965e-07  2.70225088e-04  2.16539064e-07 
 2.71205359e-04  2.71205359e-04  2.71205359e-04 -5.08095243e-06  2.71205359e-04 -1.22284124e-04  2.71205359e-04  2.33696720e-07  2.71205359e-04  2.17727862e-07 
 2.72383883e-04  2.72383883e-04  2.72383883e-04  5.57578897e-06  2.72383883e-04  1.25932593e-04  2.72383883e-04  2.31787778e-07  2.72383883e-04  2.16451635e-07 
 2.73961147e-04  2.73961147e-04  2.73961147e-04 -5.04627751e-06  2.73961147e-04 -1.22660454e-04  2.73961147e-04  2.33448948e-07  2.73961147e-04  2.17798590e-07 
 2.76424814e-04  2.76424814e-04  2.76424814e-04  5.59831343e-06  2.76424814e-04  1.26005789e-04  2.76424814e-04  2.31244145e-07  2.76424814e-04  2.16401512e-07 
 2.81352147e-04  2.81352147e-04  2.81352147e-04 -5.00995469e-06  2.81352147e-04 -1.22503111e-04  2.81352147e-04  2.32706409e-07  2.81352147e-04  2.17825919e-07 
 2.88285876e-04  2.88285876e-04  2.88285876e-04  5.62971911e-06  2.88285876e-04  1.25986662e-04  2.88285876e-04  2.32403346e-07  2.88285876e-04  2.16377552e-07 
 2.95163530e-04  2.95163530e-04  2.95163530e-04  1.79998109e+00  2.95163530e-04 -1.23405176e-04  2.95163530e-04  2.57744424e-07  2.95163530e-04  2.17842208e-07 
 3.01512802e-04  3.01512802e-04  3.01512802e-04  8.87299868e-06  3.01512802e-04  9.96663493e-04  3.01512802e-04  1.79999349e+00  3.01512802e-04  2.16377453e-07 
 3.01712329e-04  3.01712329e-04  3.01712329e-04  2.18260999e-07  3.01712329e-04  2.67079514e-04  3.01712329e-04  1.79999527e+00  3.01712329e-04  2.17185334e-07 
 3.02111382e-04  3.02111382e-04  3.02111382e-04  2.16321237e-07  3.02111382e-04  3.59758091e-04  3.02111382e-04  1.79473649e+00  3.02111382e-04  2.17068232e-07 
 3.02909488e-04  3.02909488e-04  3.02909488e-04  2.23223011e-07  3.02909488e-04  1.87980549e-04  3.02909488e-04  1.15837430e-05  3.02909488e-04  2.17199170e-07 
 3.03642575e-04  3.03642575e-04  3.03642575e-04  2.16872168e-07  3.03642575e-04  1.86869584e-05  3.03642575e-04 -9.44285444e-06  3.03642575e-04  2.17071072e-07 
 3.04394613e-04  3.04394613e-04  3.04394613e-04  2.22368570e-07  3.04394613e-04  9.16748486e-06  3.04394613e-04  9.95146849e-06  3.04394613e-04  2.17186924e-07 
 3.05515540e-04  3.05515540e-04  3.05515540e-04  2.17345843e-07  3.05515540e-04  1.09352300e-05  3.05515540e-04 -9.42831189e-06  3.05515540e-04  2.17059759e-07 
 3.07757395e-04  3.07757395e-04  3.07757395e-04  2.22004270e-07  3.07757395e-04  3.38817902e-05  3.07757395e-04  9.94381460e-06  3.07757395e-04  2.17176856e-07 
 3.10236023e-04  3.10236023e-04  3.10236023e-04  2.17546412e-07  3.10236023e-04  1.43081752e-05  3.10236023e-04 -9.41482460e-06  3.10236023e-04  2.17059263e-07 
 3.12988995e-04  3.12988995e-04  3.12988995e-04  2.22424276e-07  3.12988995e-04  1.31470424e-05  3.12988995e-04  9.93770163e-06  3.12988995e-04  2.17182502e-07 
 3.18494939e-04  3.18494939e-04  3.18494939e-04  2.44866007e-07  3.18494939e-04  8.62949884e-06  3.18494939e-04 -9.40149665e-06  3.18494939e-04  2.17064006e-07 
 3.27174304e-04  3.27174304e-04  3.27174304e-04  2.65624937e-07  3.27174304e-04  4.14793879e-06  3.27174304e-04  9.94114904e-06  3.27174304e-04  2.17198020e-07 
 3.37174304e-04  3.37174304e-04  3.37174304e-04  2.73152940e-07  3.37174304e-04  1.39795799e-06  3.37174304e-04 -9.39667511e-06  3.37174304e-04  2.17093486e-07 
 3.47174304e-04  3.47174304e-04  3.47174304e-04  1.79992857e+00  3.47174304e-04  9.36086123e-07  3.47174304e-04  9.93597185e-06  3.47174304e-04  2.17254760e-07 
 3.56545435e-04  3.56545435e-04  3.56545435e-04  2.34366167e-06  3.56545435e-04  3.07455601e-07  3.56545435e-04 -9.40300283e-06  3.56545435e-04  2.17184019e-07 
 3.60522537e-04  3.60522537e-04  3.60522537e-04 -1.90411669e-06  3.60522537e-04  6.26382887e-07  3.60522537e-04  1.00216964e-05  3.60522537e-04  2.17326138e-07 
 3.64475999e-04  3.64475999e-04  3.64475999e-04  2.34755794e-06  3.64475999e-04  2.28319452e-07  3.64475999e-04 -9.44974073e-06  3.64475999e-04  2.17232274e-07 
 3.68570867e-04  3.68570867e-04  3.68570867e-04 -1.90646472e-06  3.68570867e-04  5.53222533e-07  3.68570867e-04  1.80001608e+00  3.68570867e-04  2.17386804e-07 
 3.71235703e-04  3.71235703e-04  3.71235703e-04  2.35120149e-06  3.71235703e-04  1.89981759e-07  3.71235703e-04  1.11876439e-06  3.71235703e-04  2.17301236e-07 
 3.72925390e-04  3.72925390e-04  3.72925390e-04 -1.90972438e-06  3.72925390e-04  5.24937087e-07  3.72925390e-04  3.40276696e-06  3.72925390e-04  2.17450747e-07 
 3.74413711e-04  3.74413711e-04  3.74413711e-04  2.35809944e-06  3.74413711e-04  1.78270344e-07  3.74413711e-04 -2.98159869e-06  3.74413711e-04  2.17310772e-07 
 3.75965586e-04  3.75965586e-04  3.75965586e-04 -1.90218778e-06  3.75965586e-04  5.06114061e-07  3.75965586e-04  3.41845252e-06  3.75965586e-04  2.17475761e-07 
 3.77875847e-04  3.77875847e-04  3.77875847e-04  2.36510634e-06  3.77875847e-04  1.67235804e-07  3.77875847e-04 -2.99541243e-06  3.77875847e-04  2.17346053e-07 
 3.80989392e-04  3.80989392e-04  3.80989392e-04 -1.88919328e-06  3.80989392e-04  4.83599085e-07  3.80989392e-04  3.42846948e-06  3.80989392e-04  2.17534889e-07 
 3.87216481e-04  3.87216481e-04  3.87216481e-04  2.37634597e-06  3.87216481e-04  1.39247426e-07  3.87216481e-04 -3.00059469e-06  3.87216481e-04  2.17462853e-07 
 3.97216481e-04  3.97216481e-04  3.97216481e-04 -1.88320406e-06  3.97216481e-04  4.38768834e-07  3.97216481e-04  3.44092311e-06  3.97216481e-04  2.17772893e-07 
 4.07216481e-04  4.07216481e-04  4.07216481e-04  2.38199953e-06  4.07216481e-04  1.02011694e-07  4.07216481e-04 -2.98507351e-06  4.07216481e-04  2.17813740e-07 
 4.17216481e-04  4.17216481e-04  4.17216481e-04  1.79843127e+00  4.17216481e-04  4.08551454e-07  4.17216481e-04  3.44934994e-06  4.17216481e-04  2.18202445e-07 
 4.27017760e-04  4.27017760e-04  4.27017760e-04  4.36240572e-06  4.27017760e-04  8.24540305e-08  4.27017760e-04 -2.98731866e-06  4.27017760e-04  2.18339406e-07 
 4.32555229e-04  4.32555229e-04  4.32555229e-04 -3.90787418e-06  4.32555229e-04  3.94932709e-07  4.32555229e-04  3.44943635e-06  4.32555229e-04  2.18666586e-07 
 4.37959945e-04  4.37959945e-04  4.37959945e-04  4.36609667e-06  4.37959945e-04  7.61296807e-08  4.37959945e-04 -2.98772171e-06  4.37959945e-04  2.18715692e-07 
 4.43514049e-04  4.43514049e-04  4.43514049e-04 -3.90915676e-06  4.43514049e-04  3.88148295e-07  4.43514049e-04  3.50466448e-06  4.43514049e-04  2.19096596e-07 
 4.49513318e-04  4.49513318e-04  4.49513318e-04  4.37742187e-06  4.49513318e-04  7.15118396e-08  4.49513318e-04  1.79998525e+00  4.49513318e-04  2.19210767e-07 
 4.50026490e-04  4.50026490e-04  4.50026490e-04  2.31304969e-07  4.50026490e-04  2.27493211e-07  4.50026490e-04  1.79882062e+00  4.50026490e-04  2.19327961e-07 
 4.51052833e-04  4.51052833e-04  4.51052833e-04  2.24772611e-07  4.51052833e-04  2.28451783e-07  4.51052833e-04  9.33046489e-06  4.51052833e-04  2.19384369e-07 
 4.51934712e-04  4.51934712e-04  4.51934712e-04  2.32913675e-07  4.51934712e-04  2.26834671e-07  4.51934712e-04 -7.75651618e-06  4.51934712e-04  2.19431686e-07 
 4.52907716e-04  4.52907716e-04  4.52907716e-04  2.26650246e-07  4.52907716e-04  2.27755576e-07  4.52907716e-04  8.23760318e-06  4.52907716e-04  2.19472211e-07 
 4.54281451e-04  4.54281451e-04  4.54281451e-04  2.34951747e-07  4.54281451e-04  2.26055581e-07  4.54281451e-04 -7.74118320e-06  4.54281451e-04  2.19545618e-07 
 4.56507010e-04  4.56507010e-04  4.56507010e-04  2.29872497e-07  4.56507010e-04  2.26557940e-07  4.56507010e-04  8.24732209e-06  4.56507010e-04  2.19653132e-07 
 4.58747631e-04  4.58747631e-04  4.58747631e-04  2.38323785e-07  4.58747631e-04  2.24715696e-07  4.58747631e-04 -7.72535007e-06  4.58747631e-04  2.19796968e-07 
 4.62270595e-04  4.62270595e-04  4.62270595e-04  2.32970979e-07  4.62270595e-04  2.24954592e-07  4.62270595e-04  8.24227569e-06  4.62270595e-04  2.19994131e-07 
 4.69316524e-04  4.69316524e-04  4.69316524e-04  2.38949580e-07  4.69316524e-04  2.22215707e-07  4.69316524e-04 -7.71060925e-06  4.69316524e-04  2.20487239e-07 
 4.79316524e-04  4.79316524e-04  4.79316524e-04  2.30035005e-07  4.79316524e-04  2.21705360e-07  4.79316524e-04  8.24511741e-06  4.79316524e-04  2.21281253e-07 
 4.89316524e-04  4.89316524e-04  4.89316524e-04  2.40084043e-07  4.89316524e-04  2.19369277e-07  4.89316524e-04 -7.70938691e-06  4.89316524e-04  2.22304694e-07 
 4.99316524e-04  4.99316524e-04  4.99316524e-04  4.08484489e-07  4.99316524e-04  2.19694388e-07  4.99316524e-04  8.27685047e-06  4.99316524e-04  2.23550665e-07 
 5.09316524e-04  5.09316524e-04  5.09316524e-04  1.79865254e+00  5.09316524e-04  2.17963840e-07  5.09316524e-04  1.79763319e+00  5.09316524e-04  2.25143089e-07 
 5.19254406e-04  5.19254406e-04  5.19254406e-04  2.19898548e-06  5.19254406e-04  2.18730942e-07  5.19254406e-04  1.02277589e-05  5.19254406e-04  2.27162921e-07 
 5.24196355e-04  5.24196355e-04  5.24196355e-04 -1.76086336e-06  5.24196355e-04  2.17411409e-07  5.24196355e-04 -9.68385483e-06  5.24196355e-04  2.28304770e-07 
 5.28946807e-04  5.28946807e-04  5.28946807e-04  2.19891607e-06  5.28946807e-04  2.18438366e-07  5.28946807e-04  1.02234290e-05  5.28946807e-04  2.29587317e-07 
 5.33742869e-04  5.33742869e-04  5.33742869e-04 -1.75948606e-06  5.33742869e-04  2.17192655e-07  5.33742869e-04 -9.67974178e-06  5.33742869e-04  2.31009765e-07 
 5.39877859e-04  5.39877859e-04  5.39877859e-04  2.19900224e-06  5.39877859e-04  2.18213077e-07  5.39877859e-04  1.02254307e-05  5.39877859e-04  2.33091705e-07 
 5.49648723e-04  5.49648723e-04  5.49648723e-04 -1.75157361e-06  5.49648723e-04  2.16950637e-07  5.49648723e-04 -9.65393192e-06  5.49648723e-04  2.37081980e-07 
 5.59648723e-04  5.59648723e-04  5.59648723e-04  2.21484036e-06  5.59648723e-04  2.17972317e-07  5.59648723e-04  1.02381559e-05  5.59648723e-04  2.42220598e-07 
 5.69648723e-04  5.69648723e-04  5.69648723e-04 -1.74256099e-06  5.69648723e-04  2.16780217e-07  5.69648723e-04 -9.65171070e-06  5.69648723e-04  2.48644822e-07 
 5.79648723e-04  5.79648723e-04  5.79648723e-04  2.21400864e-06  5.79648723e-04  2.17842655e-07  5.79648723e-04  1.83793637e-05  5.79648723e-04  2.56749795e-07 
 5.89648723e-04  5.89648723e-04  5.89648723e-04 -1.74438304e-06  5.89648723e-04  2.16690792e-07  5.89648723e-04  1.79740537e+00  5.89648723e-04  2.66853413e-07 
 5.98602850e-04  5.98602850e-04  5.98602850e-04  2.24807122e-06  5.98602850e-04  2.17781844e-07  5.98602850e-04  1.22638636e-05  5.98602850e-04  2.78377095e-07 
 5.99132790e-04  5.99132790e-04  5.99132790e-04  2.61430406e-07  5.99132790e-04  2.17230532e-07  5.99132790e-04  2.19317661e-07  5.99132790e-04  2.79097521e-07 
 6.00192669e-04  6.00192669e-04  6.00192669e-04  2.65439003e-07  6.00192669e-04  2.17215671e-07  6.00192669e-04  2.10398356e-07  6.00192669e-04  2.80561084e-07 
 6.02312429e-04  6.02312429e-04  6.02312429e-04  3.23306302e-07  6.02312429e-04  2.17212573e-07  6.02312429e-04  2.25771192e-07  6.02312429e-04  2.83754442e-07 
 6.02594318e-04  6.02594318e-04  6.02594318e-04  3.33929996e-07  6.02594318e-04  2.17210130e-07  6.02594318e-04  2.18257897e-07  6.02594318e-04  2.84175193e-07 
 6.03158095e-04  6.03158095e-04  6.03158095e-04  3.71873984e-07  6.03158095e-04  2.17209104e-07  6.03158095e-04  2.18069561e-07  6.03158095e-04  2.85059676e-07 
 6.04285651e-04  6.04285651e-04  6.04285651e-04  8.46398992e-07  6.04285651e-04  2.17206275e-07  6.04285651e-04  2.18310331e-07  6.04285651e-04  2.86867889e-07 
 6.05557364e-04  6.05557364e-04  6.05557364e-04  1.79997879e+00  6.05557364e-04  2.17180250e-07  6.05557364e-04  2.18179191e-07  6.05557364e-04  2.88661626e-07 
 6.06493923e-04  6.06493923e-04  6.06493923e-04  1.80002855e+00  6.06493923e-04  2.17231270e-07  6.06493923e-04  2.18451091e-07  6.06493923e-04  2.90754060e-07 
 6.07111298e-04  6.07111298e-04  6.07111298e-04  5.77110035e-06  6.07111298e-04  2.17233745e-07  6.07111298e-04  2.18343339e-07  6.07111298e-04  2.92338944e-07 
 6.07606701e-04  6.07606701e-04  6.07606701e-04 -5.31230849e-06  6.07606701e-04  2.17207744e-07  6.07606701e-04  2.18622053e-07  6.07606701e-04  2.92509799e-07 
 6.08135521e-04  6.08135521e-04  6.08135521e-04  5.81075348e-06  6.08135521e-04  2.17205632e-07  6.08135521e-04  2.18583614e-07  6.08135521e-04  2.93576171e-07 
 6.08734224e-04  6.08734224e-04  6.08734224e-04 -5.35513429e-06  6.08734224e-04  2.17210440e-07  6.08734224e-04  2.19023842e-07  6.08734224e-04  2.94828973e-07 
 6.09931629e-04  6.09931629e-04  6.09931629e-04  5.83810868e-06  6.09931629e-04  2.17187087e-07  6.09931629e-04  2.19946637e-07  6.09931629e-04  2.96598729e-07 
 6.11806950e-04  6.11806950e-04  6.11806950e-04 -5.37089388e-06  6.11806950e-04  2.17199653e-07  6.11806950e-04  2.24915067e-07  6.11806950e-04  3.00686465e-07 
 6.13829235e-04  6.13829235e-04  6.13829235e-04  5.84913721e-06  6.13829235e-04  2.17180915e-07  6.13829235e-04  2.30796847e-07  6.13829235e-04  3.04325532e-07 
 6.17873806e-04  6.17873806e-04  6.17873806e-04 -5.37831382e-06  6.17873806e-04  2.17184223e-07  6.17873806e-04  2.38665806e-07  6.17873806e-04  3.13901048e-07 
 6.25962946e-04  6.25962946e-04  6.25962946e-04  5.85797479e-06  6.25962946e-04  2.17162768e-07  6.25962946e-04  2.49820872e-07  6.25962946e-04  3.35331069e-07 
 6.35962946e-04  6.35962946e-04  6.35962946e-04 -5.36219362e-06  6.35962946e-04  2.17164863e-07  6.35962946e-04  2.47107777e-07  6.35962946e-04  3.73084246e-07 
 6.45962946e-04  6.45962946e-04  6.45962946e-04  5.86575397e-06  6.45962946e-04  2.17142518e-07  6.45962946e-04  1.79179984e+00  6.45962946e-04  4.31451434e-07 
 6.55375871e-04  6.55375871e-04  6.55375871e-04 -5.35944601e-06  6.55375871e-04  2.17157456e-07  6.55375871e-04  2.21172619e-06  6.55375871e-04  5.31625396e-07 
 6.62294829e-04  6.62294829e-04  6.62294829e-04  5.86053776e-06  6.62294829e-04  2.17129889e-07  6.62294829e-04 -1.76620244e-06  6.62294829e-04  6.77574728e-07 
 6.69098784e-04  6.69098784e-04  6.69098784e-04 -5.35837334e-06  6.69098784e-04  2.17145170e-07  6.69098784e-04  2.24810009e-06  6.69098784e-04  9.80137829e-07 
 6.75319390e-04  6.75319390e-04  6.75319390e-04  5.89419036e-06  6.75319390e-04  2.17124948e-07  6.75319390e-04 -1.73565663e-06  6.75319390e-04  1.54380216e-06 
 6.83368915e-04  6.83368915e-04  6.83368915e-04 -4.61246282e-06  6.83368915e-04  2.17135188e-07  6.83368915e-04  2.25893813e-06  6.83368915e-04  2.91550068e-06 
 6.90761310e-04  6.90761310e-04  6.90761310e-04  6.41112712e-06  6.90761310e-04  2.17120189e-07  6.90761310e-04  1.79994910e+00  6.90761310e-04  5.32636828e-06 
 6.97801679e-04  6.97801679e-04  6.97801679e-04 -5.36645932e-06  6.97801679e-04  2.17140272e-07  6.97801679e-04  5.07461877e-06  6.97801679e-04  9.33499594e-06 
 7.01926772e-04  7.01926772e-04  7.01926772e-04  1.80000652e+00  7.01926772e-04  2.17114461e-07  7.01926772e-04 -4.59535636e-06  7.01926772e-04  1.27539000e-05 
 7.05229513e-04  7.05229513e-04  7.05229513e-04  7.92077221e-07  7.05229513e-04  2.17141098e-07  7.05229513e-04  5.06519394e-06  7.05229513e-04  1.69005119e-05 
 7.06750213e-04  7.06750213e-04  7.06750213e-04 -3.38767825e-08  7.06750213e-04  2.17137164e-07  7.06750213e-04 -4.58365705e-06  7.06750213e-04  1.88717204e-05 
 7.08145048e-04  7.08145048e-04  7.08145048e-04  4.51695061e-07  7.08145048e-04  2.17120563e-07  7.08145048e-04  5.05859950e-06  7.08145048e-04  2.08830869e-05 
 7.09603337e-04  7.09603337e-04  7.09603337e-04 -6.84836675e-10  7.09603337e-04  2.17129169e-07  7.09603337e-04 -4.54835101e-06  7.09603337e-04  2.30194612e-05 
 7.11533130e-04  7.11533130e-04  7.11533130e-04  4.24041335e-07  7.11533130e-04  2.17116777e-07  7.11533130e-04  5.06478262e-06  7.11533130e-04  2.74208348e-05 
 7.14363856e-04  7.14363856e-04  7.14363856e-04  1.91130889e-08  7.14363856e-04  2.17130154e-07  7.14363856e-04 -4.51755557e-06  7.14363856e-04  3.36368804e-05 
 7.20025309e-04  7.20025309e-04  7.20025309e-04  4.12053244e-07  7.20025309e-04  2.17111876e-07  7.20025309e-04  5.07849586e-06  7.20025309e-04  5.24432599e-05 
 7.27603573e-04  7.27603573e-04  7.27603573e-04  2.63899704e-08  7.27603573e-04  2.17126714e-07  7.27603573e-04 -4.48785329e-06  7.27603573e-04  9.37836041e-05 
 7.34622127e-04  7.34622127e-04  7.34622127e-04  4.15090408e-07  7.34622127e-04  2.17109907e-07  7.34622127e-04  1.80000821e+00  7.34622127e-04  1.62438519e-04 
 7.41340771e-04  7.41340771e-04  7.41340771e-04  4.08903779e-08  7.41340771e-04  2.17136298e-07  7.41340771e-04 -1.41248668e-06  7.41340771e-04  2.77664525e-04 
 7.43880115e-04  7.43880115e-04  7.43880115e-04  4.19079098e-07  7.43880115e-04  2.17111468e-07  7.43880115e-04  1.85076705e-06  7.43880115e-04  3.34462583e-04 
 7.46356196e-04  7.46356196e-04  7.46356196e-04  4.80306104e-08  7.46356196e-04  2.17126209e-07  7.46356196e-04 -1.41147579e-06  7.46356196e-04  4.05832692e-04 
 7.49115660e-04  7.49115660e-04  7.49115660e-04  4.17925225e-07  7.49115660e-04  2.17109810e-07  7.49115660e-04  1.85538145e-06  7.49115660e-04  5.17779918e-04 
 7.52099764e-04  7.52099764e-04  7.52099764e-04  5.28049714e-08  7.52099764e-04  2.17126354e-07  7.52099764e-04 -1.40887370e-06  7.52099764e-04  6.33222378e-04 
 7.58067971e-04  7.58067971e-04  7.58067971e-04  4.15000195e-07  7.58067971e-04  2.17107557e-07  7.58067971e-04  1.91265816e-06  7.58067971e-04  1.03977621e-03 
 7.68067971e-04  7.68067971e-04  7.68067971e-04  5.17687193e-08  7.68067971e-04  2.17120819e-07  7.68067971e-04 -1.30814040e-06  7.68067971e-04  2.18140318e-03 
 7.76566655e-04  7.76566655e-04  7.76566655e-04  4.13158788e-07  7.76566655e-04  2.17107096e-07  7.76566655e-04  1.80000023e+00  7.76566655e-04  4.06230026e-03 
 7.83563613e-04  7.83563613e-04  7.83563613e-04  6.44657905e-08  7.83563613e-04  2.17131384e-07  7.83563613e-04  1.39981659e-06  7.83563613e-04  6.56060735e-03 
 7.87215719e-04  7.87215719e-04  7.87215719e-04  4.70427515e-07  7.87215719e-04  2.17104561e-07  7.87215719e-04 -9.49618500e-07  7.87215719e-04  7.68245715e-03 
 7.90823258e-04  7.90823258e-04  7.90823258e-04  1.79999183e+00  7.90823258e-04  2.17117038e-07  7.90823258e-04  1.39819794e-06  7.90823258e-04  1.26239674e-02 
 7.93594652e-04  7.93594652e-04  7.93594652e-04  1.15799037e-04  7.93594652e-04  2.17121433e-07  7.93594652e-04 -8.99077518e-07  7.93594652e-04  4.81850695e-03 
 7.93717834e-04  7.93717834e-04  7.93717834e-04  3.37442065e-06  7.93717834e-04  2.17131110e-07  7.93717834e-04  2.59321931e-07  7.93717834e-04  4.30235823e-03 
 7.93964198e-04  7.93964198e-04  7.93964198e-04 -7.25135683e-07  7.93964198e-04  2.17131196e-07  7.93964198e-04  2.83052830e-07  7.93964198e-04  3.41678173e-03 
 7.94456926e-04  7.94456926e-04  7.94456926e-04  1.18411488e-06  7.94456926e-04  2.17126016e-07  7.94456926e-04  2.68470741e-07  7.94456926e-04  3.46823829e-03 
 7.94939674e-04  7.94939674e-04  7.94939674e-04 -7.20211471e-07  7.94939674e-04  2.17120070e-07  7.94939674e-04  2.92803570e-07  7.94939674e-04  1.42850860e-02 
 7.95562296e-04  7.95562296e-04  7.95562296e-04  1.14503585e-06  7.95562296e-04  2.17048306e-07  7.95562296e-04  2.79105198e-07  7.95562296e-04  1.79996057e+00 
 7.96019480e-04  7.96019480e-04  7.96019480e-04 -6.82306239e-07  7.96019480e-04  2.17207865e-07  7.96019480e-04  3.00737556e-07  7.96019480e-04  1.80004255e+00 
 7.96364338e-04  7.96364338e-04  7.96364338e-04  1.09465414e-06  7.96364338e-04  2.17251317e-07  7.96364338e-04  2.84720082e-07  7.96364338e-04  1.24092502e-05 
 7.96595957e-04  7.96595957e-04  7.96595957e-04 -6.15225256e-07  7.96595957e-04  2.17179211e-07  7.96595957e-04  3.02961750e-07  7.96595957e-04 -1.12329732e-05 
 7.96854414e-04  7.96854414e-04  7.96854414e-04  1.02117413e-06  7.96854414e-04  2.17160876e-07  7.96854414e-04  2.87700907e-07  7.96854414e-04  1.19243610e-05 
 7.97156864e-04  7.97156864e-04  7.97156864e-04 -5.55542277e-07  7.97156864e-04  2.17103409e-07  7.97156864e-04  3.04257004e-07  7.97156864e-04 -1.09519721e-05 
 7.97761764e-04  7.97761764e-04  7.97761764e-04  9.80893149e-07  7.97761764e-04  2.17138994e-07  7.97761764e-04  2.90726517e-07  7.97761764e-04  1.16901544e-05 
 7.98478996e-04  7.98478996e-04  7.98478996e-04 -5.32040372e-07  7.98478996e-04  2.17073391e-07  7.98478996e-04  3.06749788e-07  7.98478996e-04 -1.08442785e-05 
 7.99691372e-04  7.99691372e-04  7.99691372e-04  9.63837847e-07  7.99691372e-04  2.17157029e-07  7.99691372e-04  2.93819856e-07  7.99691372e-04  1.16069991e-05 
 8.02116125e-04  8.02116125e-04  8.02116125e-04 -5.22785379e-07  8.02116125e-04  2.17062262e-07  8.02116125e-04  3.12909200e-07  8.02116125e-04 -1.07318452e-05 
 8.04372218e-04  8.04372218e-04  8.04372218e-04  9.57415902e-07  8.04372218e-04  2.17151232e-07  8.04372218e-04  1.79998779e+00  8.04372218e-04  1.16166427e-05 
 8.06149889e-04  8.06149889e-04  8.06149889e-04 -5.15382392e-07  8.06149889e-04  2.17072182e-07  8.06149889e-04  1.71404192e+00  8.06149889e-04 -1.06743168e-05 
 8.07058098e-04  8.07058098e-04  8.07058098e-04  9.45201331e-07  8.07058098e-04  2.17197361e-07  8.07058098e-04  2.72750967e-06  8.07058098e-04  1.15285336e-05 
 8.07883819e-04  8.07883819e-04  8.07883819e-04 -4.98735300e-07  8.07883819e-04  2.17034565e-07  8.07883819e-04 -2.28739069e-06  8.07883819e-04 -1.05771443e-05 
 8.08741905e-04  8.08741905e-04  8.08741905e-04  9.28231735e-07  8.08741905e-04  2.17202192e-07  8.08741905e-04  2.73993674e-06  8.08741905e-04  1.14097760e-05 
 8.09787623e-04  8.09787623e-04  8.09787623e-04 -4.83950075e-07  8.09787623e-04  2.17010993e-07  8.09787623e-04 -2.29877665e-06  8.09787623e-04 -1.04934221e-05 
 8.11879059e-04  8.11879059e-04  8.11879059e-04  9.18414598e-07  8.11879059e-04  2.17208644e-07  8.11879059e-04  2.74964846e-06  8.11879059e-04  1.14669547e-05 
 8.13983033e-04  8.13983033e-04  8.13983033e-04 -4.76914702e-07  8.13983033e-04  2.17004062e-07  8.13983033e-04 -2.25371545e-06  8.13983033e-04  1.23475648e-03 
 8.18190982e-04  8.18190982e-04  8.18190982e-04  9.17392438e-07  8.18190982e-04  2.17221619e-07  8.18190982e-04  2.84374994e-06  8.18190982e-04  1.34831820e+00 
 8.21016624e-04  8.21016624e-04  8.21016624e-04 -4.66109556e-07  8.21016624e-04  2.17016456e-07  8.21016624e-04 -2.22167744e-06  8.21016624e-04 -6.36032912e-06 
 8.21373165e-04  8.21373165e-04  8.21373165e-04  2.19934133e-07  8.21373165e-04  2.17116259e-07  8.21373165e-04  3.14476764e-07  8.21373165e-04  2.79580736e-07 
 8.22086248e-04  8.22086248e-04  8.22086248e-04  2.29539338e-07  8.22086248e-04  2.17097488e-07  8.22086248e-04  3.18372203e-07  8.22086248e-04  3.15020029e-07 
 8.22264519e-04  8.22264519e-04  8.22264519e-04  2.25214211e-07  8.22264519e-04  2.17101741e-07  8.22264519e-04  3.21640435e-07  8.22264519e-04  3.01227042e-07 
 8.22621060e-04  8.22621060e-04  8.22621060e-04  2.25485762e-07  8.22621060e-04  2.17103741e-07  8.22621060e-04  3.30813401e-07  8.22621060e-04  3.10263896e-07 
 8.23334143e-04  8.23334143e-04  8.23334143e-04  2.26039957e-07  8.23334143e-04  2.17100903e-07  8.23334143e-04  7.08740727e-07  8.23334143e-04  3.51795669e-07 
 8.23430961e-04  8.23430961e-04  8.23430961e-04  2.26076793e-07  8.23430961e-04  2.17101032e-07  8.23430961e-04  2.00387122e-06  8.23430961e-04  3.65136624e-07 
 8.23624595e-04  8.23624595e-04  8.23624595e-04  2.26295571e-07  8.23624595e-04  2.17098152e-07  8.23624595e-04  1.40794586e-04  8.23624595e-04  4.10315581e-07 
 8.23849004e-04  8.23849004e-04  8.23849004e-04  2.26393021e-07  8.23849004e-04  2.16981936e-07  8.23849004e-04  1.79988626e+00  8.23849004e-04  6.80026767e-07 
 8.24010726e-04  8.24010726e-04  8.24010726e-04  2.26618051e-07  8.24010726e-04  2.17178994e-07  8.24010726e-04  1.80011317e+00  8.24010726e-04  2.85669458e-06 
